2.2270232330494837e-307
-116.69291338582448
-111.45631067960926
-128.62745098038917
-123.06818181817818
-120.8433734939726
-131.4285714285683
-84.13793103447907
-105.60881226053704
-87.40465116279147
-84.40496894409976
9.512709030101234
-77.3040752351102
-72.17701863354087
-56.44179104477637
-47.24285714285649
-67.357553956835
-66.09505300353409
-60.054545454545725
41.71276595744783
-75.63992673992735
13.061111111112027
-64.49256965944315
-58.75209125475304
-59.04831460674182
-59.73118279569934
-66.77142857142903
-68.02456140350924
-71.1622641509438
-66.19609120521214
-60.266903914591175
28.198734177215925
-62.213559322034335
-65.27272727272778
-27.528859060401885
-62.935051546392174
-61.45755395683492
-69.18590604026889
-24.063578274759692
-62.13564013840871
-63.197833935018465
-51.96666666666651
-62.673426573427
-50.034426229507794
0.32592592592666847
-50.63442622950786
-68.1758842443734
-65.01355932203438
-58.5283018867928
-50.296887159532766
-63.760450160772095
-66.55806451612943
-43.93015873015793
-58.8000000000004
21.096815286624903
-59.70000000000043
-67.19306930693115
-52.7189189189189
-68.89131832797466
-57.54242424242457
-68.7181008902081
-56.137931034483046
-65.34061433447138
-75.62840236686434
-57.5576642335769
-51.81391941391937
-65.7923076923081
-10.4924528301881
-54.302996254681574
-35.35688073394468
46.124481327801675
-60.166666666667055
27.38467153284742
36.00000000000074
21.258823529412524
-67.36927899686562
-61.42140468227467
-57.59862542955365
-68.15394321766601
-52.977617328519855
-62.86588628762581
-69.87021276595786
-12.275494071145403
43.70622568093464
-59.08772563176934
-61.71355932203432
30.462416107383234
-59.6862068965521
-54.21872509960158
-61.17272727272772
-65.31036789297697
-61.81541218638034
-2.658657243815739
-64.27254901960822
31.05555555555634
-62.31355932203434
-57.11304347826115
-57.13636363636397
-70.5079365079369
-68.18387096774231
-57.33191489361738
-59.78333333333374
-54.39411764705896
-67.55266272189394
-2.2816901408445176
-53.13888888888893
-60.135051546392134
-59.673426573426994
-46.59688715953263
-67.17483443708652
-54.26862745098044
-57.631914893617385
-64.09609120521213
-54.03308550185883
-67.87560975609796
-60.89273927392782
-55.122222222222405
51.98333333333423
-65.92101910828065
-62.63255813953529
-56.75753424657569
-70.2615384615388
-62.436305732484456
-65.5388349514567
-66.98452012383939
41.66551724138009
-63.871477663230635
-65.37483443708649
28.191512915129834
-55.435211267605816
-70.43529411764743
-12.240449438201509
24.96981132075527
-7.310526315788849
1.5903010033453455
-55.24831460674164
-61.074496644295756
-70.65589123867107
-65.74430379746875
-58.256338028169374
41.49295774647959
-60.73564013840869
-65.19876543209918
-5.567213114753443
-8.904659498207224
-65.14754098360694
-54.95766423357688
-65.25806451612942
-54.04831460674166
-53.48985507246376
-57.995053003534
30.7295774647894
-60.23505154639214
-59.9276450511949
-57.59505300353396
-54.33308550185889
-62.43255813953529
-1.200613496931851
-55.287725631769185
-65.53474320241729
7.364516129033021
36.9000000000006
12.404761904762609
-34.13788819875748
-59.22926829268335
27.085074626866515
28.691254752852473
-56.66043165467655
-47.33414634146301
-3.6468354430374177
19.200404858300317
-65.41036789297698
-73.8029498525078
-52.554716981132074
-71.7280802292267
-57.27006802721126
-60.62764505119491
-66.05806451612943
-68.70886075949406
-58.99926199262033
-60.3821917808223
-58.45231788079511
-66.8692789968656
13.563636363636917
-65.65394321766598
7.411524163569439
30.209589041096564
-55.87692307692327
-55.95766423357689
-61.402588996764145
54.732116788321974
-60.08620689655209
-51.45471698113203
-58.43118279569935
-64.27701863354075
-14.504347826086374
55.847058823530176
-62.50457516339908
-62.47147766323061
-59.53623188405836
