1.507e-321
-95.31249999999814
-79.10447761193991
-109.40959409593928
-98.05194805194692
-76.57342657342713
-103.79537953795142
-93.0604982206397
-81.81818181818167
-116.15384615384401
-86.30573248407585
-110.28880866425712
-96.42857142857059
-117.32026143790638
-134.17721518987005
-72.5352112676057
-83.08550185873415
-101.72413793103307
-92.52873563218276
-106.24999999999848
-123.50993377483168
-128.64768683273715
-121.92982456140082
-111.38996138995931
-90.7894736842101
-39.28571428571572
-97.55244755244617
-117.26190476190261
-40.97744360902343
-77.27272727272722
-86.17021276595737
-92.23826714801302
-119.0402476780162
-76.05633802816955
-96.84385382059669
-108.47750865051707
-118.35443037974402
-125.35211267605344
-122.8813559322006
-98.52941176470445
-132.8767123287638
-134.4236760124577
-73.3449477351922
-125.52447552447266
-116.32996632996402
-95.25547445255346
-117.27272727272488
-82.20338983050857
-121.42857142856876
-125.26501766784168
-111.13074204946784
-123.59735973597084
-129.23875432525645
-117.74193548386846
-93.46289752650024
-112.54681647939859
-84.16927899686503
-83.33333333333277
-99.99999999999868
-115.75342465753204
-96.56488549618189
-152.26760563380319
-120.96774193548123
-115.1567944250848
-117.97153024910784
-127.27272727272432
-91.17647058823432
-106.67870036100902
-93.85964912280609
-115.27777777777544
-113.85542168674473
-109.87654320987481
-108.99053627759935
-125.7785467127999
-126.35135135134843
-86.5671641791038
-107.29537366547773
-207.65527950310377
-116.10169491525133
-118.74999999999751
-113.63636363636147
-105.0561797752779
-128.4615384615354
-127.56410256409958
-124.35897435897154
-112.32876712328489
-105.83596214510717
-94.07894736842042
-133.22147651006378
-95.2054794520539
-87.49999999999915
-111.40350877192769
-126.82119205297717
-108.76288659793619
-101.80722891566109
-104.22535211267434
-83.09859154929522
-109.99999999999797
-129.5918367346908
-126.6666666666637
-125.52447552447263
-124.0259740259713
-125.68389057750471
-115.77946768060603
-119.07216494845109
-126.43097643097352
-67.46031746031862
-118.42105263157643
-128.26086956521436
-133.2214765100638
-96.04316546762456
-119.04024767801606
-70.68965517241422
-118.30985915492683
-127.9411764705852
-95.84837545126231
-117.6258992805731
-127.41935483870671
-123.42192691029625
-122.86821705426084
-116.66666666666445
-105.47945205479266
-107.69230769230573
-105.32646048109791
-129.45205479451747
-117.84565916398465
-128.10218978101886
-102.54237288135266
-90.80996884735148
-130.58252427184152
-97.53086419752947
-126.35135135134838
-129.02097902097594
-126.588628762539
-129.2387543252564
-131.75182481751503
-82.6599326599321
-129.79797979797667
-125.26501766784166
-119.41896024464573
-119.59459459459202
-124.72924187725349
-117.6258992805731
-115.7534246575319
-126.02739726027104
-119.2307692307668
-127.63578274760081
-124.11003236245675
-113.36996336996116
-100.65789473683992
-127.27272727272427
-101.02040816326374
-120.77922077921812
-110.47430830039279
-133.33333333333005
-124.02597402597118
-96.96969696969563
-97.88273615635036
-116.29213483145764
-125.26501766784162
-122.7891156462558
-124.6031746031718
-118.45425867507646
-88.01652892561893
-127.77777777777479
-111.67247386759368
-124.35897435897157
-127.69516728624235
-126.02739726027104
-129.8657718120774
-129.45205479451747
-126.7441860465087
-128.94736842104956
-133.92282958199021
-120.96774193548087
-111.67247386759371
-93.70860927152212
-108.01526717557056
-109.55882352940974
-113.114754098358
-116.66666666666423
-121.69811320754451
-115.07936507936277
-82.62411347517536
-120.19867549668614
-133.44370860926819
-130.32786885245588
-126.74418604650869
-113.5036496350345
-126.1904761904733
-131.6176470588203
-130.06644518272114
-121.22302158273115
-128.9473684210496
-98.71794871794724
-190.38823529411695
-90.55944055943972
-125.69444444444153
-127.85977859778292
-133.87096774193213
