4.227905160331273e-307
-91.78082191780662
-87.71626297577778
-102.38095238095048
-86.70886075949267
-76.73992673992649
-79.57746478873209
-72.26148409893996
-69.58041958041971
-20.748299319729046
-79.82456140350837
-71.90457516339922
17.33333333333421
-74.39609120521226
-62.307017543860134
-62.87761732852022
-55.698141263940336
-67.21029900332275
-56.91851851851858
-73.38518518518566
-129.02862190812806
-76.42140468227488
-61.52410423452814
-66.36148409894051
-61.43118279569938
-88.19862542955399
-61.007017543860066
-81.27147766323051
-71.5714776632307
-3.526996197717864
-63.313043478261335
-85.38461538461533
-103.4540540540547
7.204918032787845
-81.59609120521199
-60.766903914591154
36.4940074906375
-61.44242424242463
17.695302013423614
-71.70818505338161
-82.20338983050871
28.438759689923245
31.234657039711777
-69.57801418439769
-69.41391941392011
-72.53521126760631
-57.43308550185902
-71.76148409894058
-8.645762711863867
-53.37692307692336
-81.25000000000028
-62.83564013840871
36.13636363636445
-78.8135593220344
-83.33333333333346
0.5798634812295091
-65.76885245901683
-76.57342657342721
-55.01044776119394
-76.19926199262059
-79.57746478873278
-73.61111111111187
-42.54979079497821
-49.01391941391932
0.742124542125211
-64.63020134228232
-82.03883495145655
-98.40489510489616
-108.07703927492496
-89.0243902439022
15.287769784173307
-63.2325581395353
-59.67588424437328
10.215384615385275
-55.83505154639207
-66.08391608391746
-74.00000000000054
19.014084507040515
-136.11111111110762
-124.68354430379422
-135.81560283687608
-137.84194528875022
-136.9281045751599
-135.01872659175675
-138.54961832060715
-131.88405797101083
-112.19931271477412
-126.83397683397368
-135.5072463768082
-136.66666666666316
-136.8421052631544
-132.81786941580407
-90.59405940593959
-130.70739549838882
-132.0895522388027
-113.26530612244707
-134.12698412698074
-97.55244755244635
-133.66013071895097
-135.50724637680813
-128.94736842104953
-134.17721518987003
-136.5771812080502
-135.18518518518178
-131.751824817515
-135.40145985401116
-132.63888888888565
-130.98859315589036
-137.4608150470184
-135.55956678700016
-83.11036789297658
-108.47750865051583
-83.77483443708533
-87.49999999999824
-69.54022988505831
-65.66265060241123
-78.81355932203121
-76.0563380281691
-116.5427509293651
-67.96875000000098
-85.06493506493491
-97.95539033457135
-78.30188679245309
-90.1408450704208
-95.61933534743089
-75.79505300353424
-83.54430379746773
-100.76923076922873
-54.94296577946944
-113.57615894039391
-84.42622950819575
-56.32222222222245
-58.52830188679282
-56.53118279569925
21.854545454546184
9.944444444445125
-49.28113207547147
-82.65993265993284
-1.9563176895300103
-47.92549019607796
-63.46153846153921
-65.25806451612942
-61.53505154639216
-62.2302013422823
-82.25806451612924
-173.0449477351924
28.271428571429254
-184.1219373219373
2.0270270270253317
-0.23943661971750885
-151.28476821192146
16.66851211072718
-69.07147766323071
35.71428571428407
-83.11036789297675
-61.11355932203432
-53.052631578947405
21.60747330960936
26.78493150685
-62.3475409836069
25.237500000000693
35.02203389830575
35.15070422535277
-79.32862190812767
-126.53020134228268
-76.82926829268351
-7.2999999999984055
30.74171779141176
-57.87692307692334
-14.085767790261528
-3.061224489792603
-37.53442622950752
-84.7709677419368
-6.557894736841405
-64.33564013840873
-76.4633093525184
42.602164502165266
-58.13793103448312
-86.92101910828089
-74.91467576791877
-76.17449664429598
-56.160431654676515
-58.256338028169374
-75.14970059880302
-98.66174496644365
-144.29479768786217
36.40000000000069
-51.96078431372541
-61.18421052631715
-30.305263157894004
-57.975432525951874
-82.03883495145655
-35.807042253516585
-62.13505154639217
45.53546099291006
-64.06690391459122
-75.67567567567636
-58.80503144654234
-58.7669039145911
-56.38772563176924
