nan
-82.3843416370101
-97.36842105263054
-95.33762057877614
-82.3308270676678
-90.86021505376165
-69.4630872483225
-84.6405228758163
-77.75665399239533
-84.02777777777762
-96.42857142857025
-124.99999999999729
-126.47058823529117
-129.5221843003382
-87.25490196078378
-183.52597402597348
-95.61933534742953
-118.19787985865472
-122.3183391003433
-110.13289036544663
-128.18181818181517
-126.92307692307394
-71.98581560283756
-109.8662207357839
-121.32616487454932
-120.49180327868586
-120.26022304832449
-125.94501718212769
-124.07407407407123
-134.12698412698077
-133.27759197324082
-114.42687747035345
-133.33333333333002
-127.0491803278659
-127.12418300653299
-132.33215547702852
-132.07885304659175
-125.23219814241195
-132.81786941580424
-134.89425981872773
-131.81818181817857
-127.01149425287058
-125.38461538461252
-85.22267206477663
-90.97222222222167
-127.84810126581976
-101.21951219512016
-110.24464831804045
-129.59183673469076
-115.90909090908873
-64.06249999999989
-128.26086956521434
-127.01149425287062
-104.8872180451113
-120.09966777408383
-112.83783783783493
-130.7073954983891
-128.65853658536278
-126.1904761904733
-112.96296296295989
-97.97687861271572
-129.0940766550492
-128.78787878787577
-99.80694980694842
-123.15436241610479
-119.49152542372624
-122.97297297297024
-127.18631178706926
-130.95238095237778
-131.70731707316762
-124.99999999999716
-133.05084745762383
-132.93515358361455
-118.4542586750764
-96.3601532567037
-98.0519480519452
-103.48837209302172
-128.72340425531615
-128.79858657243508
-128.33935018050235
-121.92982456140079
-116.4634146341436
-127.491961414788
-127.12418300653296
-124.82014388488922
-125.15527950310275
-126.27118644067504
-122.60273972602475
-121.0144927536205
-118.74999999999777
-122.41379310344554
-123.06397306397027
-134.56790123456454
-122.69624573378566
-127.9179810725522
-118.74999999999758
-127.52808988763735
-127.77777777777473
-128.7234042553161
-115.03496503496268
-121.53024911031764
-121.6312056737562
-127.27272727272431
-101.55709342560269
-113.50364963503422
-120.90909090908828
-101.38888888888737
-121.0144927536205
-126.82119205297717
-128.18181818181517
-129.23875432525648
-119.82758620689395
-125.94501718212784
-118.45425867507633
-122.47706422018081
-115.11627906976516
-91.17647058823346
-121.33757961783178
-119.8996655518372
-112.96296296296009
-128.35497835497532
-129.4520547945174
-128.64768683273715
-126.19047619047325
-121.32616487454935
-121.1191335740046
-125.97597597597309
-115.75342465753188
-128.26086956521436
-127.12418300653295
-129.2387543252564
-121.60883280756845
-95.85987261146393
-115.15679442508481
-108.76288659793622
-127.41935483870665
-129.79797979797667
-133.4437086092682
-125.69444444444163
-124.99999999999724
-81.9727891156466
-108.67768595041123
-122.04968944099126
-126.10921501706189
-113.45514950165892
-121.73144876324821
-109.86622073578322
-117.32026143790607
-121.15384615384355
-121.6312056737563
-123.37278106508599
-126.19047619047328
-116.25766871165432
-128.4946236559109
-97.91666666666528
-107.14285714285468
-92.76094276094206
-109.85401459853828
-129.66101694914943
-125.75757575757295
-126.43097643097349
-104.6925566343026
-128.87323943661661
-123.68421052631298
-129.16666666666364
-67.2932330827053
-124.68354430379459
-95.84837545126271
-114.85623003194664
-126.1194029850718
-103.79537953795119
-79.76588628762578
-127.27272727272431
-128.1818181818152
-133.55263157894404
-117.53246753246523
-121.0144927536205
-130.22598870056183
-125.86206896551434
-91.36807817589376
-91.35802469135697
-125.69444444444152
-124.76340694006034
-127.56410256409954
-122.6562499999973
-118.12749003983821
-126.10921501706189
-132.39436619717983
-128.49462365591094
-130.2631578947337
-131.48148148147828
-124.02597402597118
-116.16541353383218
-121.87499999999733
-129.7297297297266
-117.39130434782365
-127.94117647058523
-130.51948051947738
-115.25096525096293
-128.87323943661667
-125.35211267605347
-130.32786885245585
-120.4918032786859
-128.72340425531613
-122.41379310344553
-130.39215686274193
-124.19354838709395
-129.7297297297267
-114.5390070921965
-126.53958944281227
-114.05228758169706
-131.13207547169495
-116.44295302013188
-119.34865900382883
-121.7868338557967
-123.88059701492257
-117.94871794871548
-121.11913357400464
-98.80546075085189
-111.24031007751732
-127.91798107255215
-122.2222222222195
-110.14492753623
-126.56249999999707
-122.31833910034332
-133.2214765100638
-118.53146853146552
-120.96774193548144
-107.92880258899498
-124.2647058823501
-125.17730496453629
-109.55882352940935
-134.42367601245766
-198.2792207792194
-120.37037037036784
-127.27272727272428
-133.27759197324082
-129.02097902097591
-126.53958944281231
-116.6666666666643
-103.8461538461516
-132.45614035087394
-124.02597402597118
-121.53024911031778
-113.76811594202674
-141.30883280757126
-116.99669966996458
-123.76093294460377
-94.64944649446376
-127.04918032786587
