6e-321
-95.11450381679144
-97.03703703703546
-97.08609271522906
-132.1362229102137
-142.51748251747867
-136.27118644067463
-137.5280898876369
-134.02597402597013
-142.6388888888851
-135.94501718212672
-147.42138364779464
-139.35103244837345
-147.73006134968912
-142.93515358361395
-146.06271777003082
-146.66666666666262
-144.37499999999605
-127.21311475409564
-142.57839721253958
-139.865771812077
-104.98381877022283
-147.34177215189473
-144.73282442747694
-124.05228758169507
-146.3013698630097
-119.5141700404834
-146.75496688741313
-127.85714285714008
-78.08873720136359
-131.54074074074137
-4.387878787878051
-74.38461538461584
18.257142857143492
-73.94698795180767
-66.65405405405448
58.585185185185935
-67.13255813953535
33.194736842106096
7.932797427653284
-63.43564013840872
11.412624584718216
-61.72926829268338
-62.48219178082231
-54.504651162790694
-66.93020134228234
-61.33118279569938
-62.48620689655211
-30.640490797545155
-66.23020134228233
-57.37692307692332
-68.17341772151931
36.23636363636447
-65.27254901960822
-70.25405405405454
-48.88888888888642
-100.39735099337538
-140.8917197452192
-130.03745318351756
-88.34890965732075
-84.1877256317691
16.47931034482835
-58.01304347826116
-51.76666666666644
-68.80223642172564
-63.672549019608205
-69.90691823899407
-62.530201342282304
-58.71304347826124
-69.16927899686564
-68.36493506493548
-62.69292929292967
-60.54494773519211
-64.33243243243282
27.885074626866384
-27.439024390243247
-62.192929292929655
-59.69505300353402
-70.8854599406532
-52.11391941391936
-66.21818181818226
-59.123728813559765
-61.73876221498413
-67.16927899686561
-58.574496644295714
-56.36148409894025
-62.55405405405445
-51.615613382899475
44.97509025270821
-63.18333333333379
-56.55766423357693
-68.28260869565257
-60.2563380281694
-71.28452012383943
-68.29743589743629
-69.27560975609798
-66.57500000000039
-65.61818181818225
-60.235051546392135
-56.86690391459107
-58.47567567567607
-61.78333333333377
3.705128205128929
-57.91304347826119
-65.24754098360694
-61.65405405405445
-63.31818181818222
-55.58581560283709
-59.556338028169385
-64.31246006389819
-56.04494773519193
-71.27551020408202
-63.793069306931095
-61.954054054054446
-60.03623188405837
-59.170068027211286
-62.36588628762582
-65.04754098360694
-1.5885245901632743
-61.48219178082231
-59.22372881355977
-58.595053003534005
15.046468401487658
-51.54732824427474
-71.80000000000038
-50.89604743082979
15.939920948617171
-65.74754098360694
-53.354716981132114
-58.729268292683344
36.27874564459992
-47.5225806451609
-62.70000000000037
-66.37974683544348
-52.46874999999984
-55.3363636363639
12.557894736842727
-50.4470588235292
-68.14052287581737
-60.0276450511949
1.6918495297812086
-60.87142857142895
-55.18581560283707
58.68260869565276
-60.41355932203431
-71.12439024390284
-55.09411764705899
-53.15454545454547
-62.0658862876258
-63.35873015873053
-56.93118279569924
44.08321167883287
-64.03243243243281
-65.92101910828063
-64.79230769230807
-68.64698795180763
-52.11391941391935
11.364516129032864
-6.974999999999454
-58.813043478261214
-54.736363636363876
-23.462790697673967
-64.5580645161294
-59.7862068965521
-46.53442622950766
2.2480286738357336
-62.22764505119493
5.895719844358766
-66.26993006993052
-65.8794392523368
-64.25555555555599
-59.58219178082229
-67.09131832797462
-60.5821917808223
-62.7635761589408
-59.183333333333735
-58.325925925926285
-60.10457516339905
-55.44831460674168
8.913131313131856
-60.356338028169404
-64.97254901960822
63.579245283019645
-58.67342657342699
-45.94347826086904
6.146127946128473
-55.144947735191906
-59.5072992700734
-62.39292929292966
-62.90684931506887
-56.46043165467655
-56.376923076923305
37.11229773462864
-58.99505300353401
-9.387625418059528
79.13320463320562
-68.68461538461575
-53.64831460674163
33.450000000000756
-49.902996254681455
