6.013470016989781e-154
-78.05755395683468
-103.02013422818646
-105.2715654952063
-123.45132743362566
-105.3264604810982
-121.42857142856883
-113.57615894039533
-121.19341563785744
-117.32026143790627
-121.32616487454946
-137.0129870129835
-136.15916955016954
-126.56249999999662
-129.86577181207707
-129.86577181207704
-135.4014598540112
-137.6160990712039
-126.82119205297697
-131.94945848375113
-129.02097902097557
-130.3278688524555
-131.61764705882013
-132.57839721254007
-136.97068403908455
-131.13207547169458
-128.49462365591052
-132.0143884892055
-128.72340425531576
-135.2941176470554
-129.4520547945171
-132.03592814370901
-136.06271777003138
-130.95238095237744
-129.10447761193677
-135.18518518518178
-125.94501718212767
-80.90909090908927
-111.80555555555293
-127.6119402985041
-131.24999999999645
-130.64516129031907
-98.27586206896412
-129.31034482758272
-136.79867986798328
-135.7651245551567
-137.09677419354492
-134.80243161093867
-130.1324503311224
-128.49462365591054
-129.59183673469087
-129.3814432989656
-131.19122257052982
-117.21311475409607
-137.01298701298347
-138.1656804733693
-129.59183673469047
-129.38144329896605
-102.68138801261661
-128.72340425531567
-137.30158730158382
-135.34798534798193
-131.61764705882035
-129.99999999999696
-136.48648648648305
-128.18181818181483
-121.11913357400405
-123.05389221556622
-123.42192691029626
-134.9624060150342
-125.30864197530528
-128.57142857142512
-131.19122257052936
-127.09923664121852
-127.69516728624258
-60.344827586207835
-134.96240601503425
-126.7441860465083
-133.3887043189336
-131.3664596273257
-36.92579505300433
-128.33935018050198
-131.81818181817837
-136.11111111110776
-131.4126394052011
-129.45205479451715
-104.70383275260983
-110.78431372548835
-133.2214765100638
-126.19047619047325
-116.77740863787047
-71.34831460674235
-133.44370860926819
-126.65369649805109
-132.93515358361424
-136.4864864864831
-137.4608150470184
-137.80487804877697
-133.22147651006367
-63.995818815329955
56.76691729324056
-111.13074204946822
-114.15770609318804
-136.06271777003144
-131.65137614678542
-130.70739549838876
-130.19801980197659
-130.9523809523774
-83.79790940766556
-123.56828193832328
-130.6201550387566
30.209556313994
6.334782608696202
19.078313253012965
-61.57142857142896
-55.41304347826112
-61.75755395683493
-53.189855072463786
-55.836363636363934
26.43617021276654
-101.38888888888775
-137.98798798798452
-136.53198653198314
-135.76512455515677
-130.89171974521992
-135.6115107913635
-136.39455782312578
-135.18518518518184
-180.8787878787876
-137.55436241610767
-133.66013071895097
-130.76923076922728
-155.48048780487693
-108.73015873015707
-129.45205479451718
-130.9523809523774
-130.13245033112236
-121.78683385579673
-134.9849849849814
-130.13245033112233
-131.48148148147794
-136.53198653198314
-199.00361445783005
-136.5319865319831
-130.3278688524556
-132.20640569394698
-131.2499999999969
-138.23529411764346
-135.91549295774306
-101.40869565217386
-132.07885304659172
-138.05970149253383
-128.57142857142512
-228.49999999999696
-72.91132686084183
-39.67971530249
-66.05839416058531
-132.45614035087348
-132.9351535836143
-126.74418604650874
-129.45205479451755
-125.86206896551376
-130.519480519477
-125.94501718212793
-137.84194528875022
-136.06271777003138
-131.61764705882024
-136.44067796609832
-136.25429553264254
-137.98798798798447
-132.2485207100556
-129.45205479451707
-136.06271777003144
-137.09677419354475
-138.09523809523455
-100.38167938931147
-97.36842105263096
-136.39455782312578
-135.34798534798193
-130.39215686274164
-123.58490566037482
-130.8306709265145
-115.51724137930817
-133.10810810810463
-134.49612403100446
-100.49504950494935
-40.24390243902362
-135.23985239852067
-126.27118644067495
-132.5783972125401
-122.22222222221954
-129.79797979797627
-129.79797979797638
-125.30864197530528
-135.91549295774303
-134.67432950191244
-131.48148148147797
-127.44360902255296
-137.17948717948366
-137.61609907120393
