4.3432417058504e-311
-46.309763267832956
-47.01754385964968
-32.02238762910428
-34.9909349909358
0.8944176004938065
9.398796298292995
-54.870594976602916
26.793674059788284
36.97302296319609
-43.17268065268097
-87.67381159534848
-37.59679428169221
-37.542087542088
3.300144340785387
-29.20962199312767
-57.03000896080314
72.39267018695845
-52.368496694452475
-69.52799758381154
-50.70310809836323
-66.23614035087729
59.21075207320789
-60.14356736242852
11.862312594250461
-51.54631876140899
7.557331227794521
-22.303286101899456
6.565910165485057
47.39991872822216
45.83297759971118
48.10035842293858
58.54870565928489
7.136992767416714
-43.554391204576504
22.03372549019605
64.93327399340505
202.5041296687753
-9.997695793543786
-59.4583982923543
88.46897249754457
-3.203771043771713
80.26658427859095
-13.35176451455543
17.136684538790643
0.3493056746096368
-53.20898876404508
-17.22264663441193
-3.738584483764294
-14.47588520097059
-16.449657869013475
156.50385893752878
-92.4718959201708
130.71314358810628
-41.456652769506334
14.658018867924337
-18.681092233009196
121.79135932560993
55.73992647972006
38.52678631535203
130.04504798590156
-9.773151827322927
86.6212481214925
95.04111832041147
-17.847825728705004
-11.419769480001836
-90.61538252958871
-20.53781148429096
80.81477384337222
-62.92030029109885
76.62077378877817
-16.543998403233807
28.651507139080927
-23.762763200194037
3.0847420922501207
19.36765188143881
32.13963718820928
-43.147540983607016
25.130936371215505
-30.988133279807286
38.2363636363667
11.950249018418493
66.34998621312027
37.76763776763806
-47.920476976701224
-23.28087581252175
145.8137915022085
-15.67105990783345
-30.571972352999495
-46.07978653076431
-16.074457170376753
-41.35100705801372
59.22271402353723
3.3047639078773394
6.579581881533739
-7.963841164372577
67.02934527708179
-70.5458277287094
0.9470345813320016
200.5727650231404
88.21465180895859
151.44762434009698
183.3902939166116
115.50011917057412
-84.70418470418414
21.674383410073403
22.233215839053177
-91.58949029292627
-72.13978180014888
2.099165154266254
22.941489244346386
-59.966859826819245
-38.66443658036954
-84.27004755908155
5.623141389565301
-6.10052049879333
22.7998794454485
-30.862547548061976
-28.07386363636387
91.2366081871362
-31.984471202527843
328.1277728482623
-6.837459114847775
6.508485969782182
-18.49663644340465
236.72016849444208
-63.41621019295014
-26.341234696536134
-87.94831654945135
-61.72043010752722
-92.18127718013179
-34.5253517437093
-41.395182676320964
-92.07994769776684
-17.485342019544213
0.16221638812304562
376.41636690646527
141.92781316348058
161.76010203503319
-65.86549397224991
-76.8018847088271
-42.5064924104509
1.1372447660890557
2.958375149343425
85.13445190156787
-54.858044164038546
109.42351498322577
-75.44267053701027
-39.58494515996944
-3.1955887355884425
