2.558118e-317
-100.53003533568787
-94.92753623188291
-95.33762057877668
-76.3157894736837
-98.80546075085235
-95.39249146757565
-92.96577946767938
-111.6438356164367
-80.92105263157846
-59.80392156862782
-101.61290322580496
-96.20253164556676
-89.79933110367803
-32.142857142858
-5.670103092783716
-47.43589743589889
-86.84210526315715
-101.72413793103289
-122.02797202796931
15.540540540540148
-125.30864197530573
-81.1594202898541
-26.971608832808787
-39.70588235294132
52.47933884297878
-79.36802973977704
-53.654485049834676
-82.51533742331284
-81.40794223826698
-121.5189873417695
157.40740740741163
-72.36024844720576
112.35741444867662
16.051660516604073
-80.55555555555581
19.811320754719276
-21.186440677966946
-63.04347826087063
-71.50170648464103
7.718120805369663
-84.42622950819673
-89.39393939393878
-25.444839857651324
-48.43750000000093
42.17081850533758
-7.627118644068709
-2.6315789473690367
-80.90909090909095
21.64179104477533
-65.49295774647932
-84.78260869565155
-13.2812500000006
-31.355932203390946
346.47887323941416
228.53107344632716
-116.88741721854058
-58.42490842490933
-84.0277777777761
-64.28571428571486
-78.14371257485048
-81.81818181818153
-52.72373540856088
-33.161512027492336
-83.85214007782102
-84.70790378006868
28.030303030307664
-9.649122807018014
9.169550173010311
-53.84615384615506
-63.97849462365664
-19.090909090910205
-99.32432432432287
-35.93155893536197
-99.66442953019956
-43.491124260356045
-128.87323943661664
143.92971246006812
199.8233215547713
-15.051903114186782
128.1690140845062
281.65467625896963
-103.48837209302185
5.03875968992487
56.08108108108503
28.707224334600152
-41.22807017543958
2.4163568773226047
-104.06360424028114
-123.33333333333054
-3.968253968255316
-74.13793103448305
-33.1615120274923
-51.694915254239
-36.36363636363807
-6.677524429967804
-66.12903225806532
43.037974683544874
276.7100977198562
-86.32958801498114
237.32394366195885
-134.85000000000073
144.5454545454615
206.6878980891744
96.62162162162237
-90.71146245059121
-96.54088050314351
197.16981132076234
431.93979933108284
-67.24137931034579
-56.47482014388615
-80.921052631578
-15.051903114187041
-84.61538461538409
-60.71428571428623
-126.82119205297715
-76.19926199262032
-61.26279863481366
-109.8662207357834
4.639175257731349
52.65780730897171
-28.78787878787786
-90.74074074074034
-89.06810035842267
-64.59074733096126
134.8484848484913
112.97577854671746
239.09090909091154
-95.20547945205388
-51.99390681003183
153.5255319148865
32.15613382899564
52.61437908496633
98.44720496894479
33.94648829431535
-68.81918819188243
7.706093189963395
-42.08633093525272
-35.06416938110526
51.55038759689945
-115.11627906976508
-5.595667870034722
-96.48829431437909
-73.91304347826073
-54.761904761905804
-36.20689655172558
-43.23843416370215
-163.0827586206903
-124.63768115941745
-63.04347826087009
56.34920634920574
-29.19463087248452
-33.647798742138754
-106.36363636363424
70.77922077921987
-122.69624573378591
-6.060606060603295
-128.97897897897593
-112.68656716417638
-116.91176470588009
-57.89473684210655
154.76190476190592
182.17993079585253
67.22846441948059
-151.13636363636473
-69.54022988505523
-49.02280130293301
-122.41379310344517
-82.330827067669
-87.93103448275546
-107.37704918032591
-61.76470588235404
-99.49494949494822
-11.8181818181827
-13.481228668943317
148.6111111111173
-96.87499999999697
-110.96096096095938
-9.060402684563833
-93.52159468438427
-129.99999999999687
-72.17898832684573
-112.02531645569404
173.43234323432696
257.8947368420921
128.1456953642401
-16.666666666668128
-18.512110726644345
14.383561643834058
-49.64157706093214
-100.17793594305898
-41.22807017543898
-99.36708860759356
-111.80555555555215
40.47619047618996
-73.64935064934835
-63.89637462235529
-84.96390532544464
61.180124223602796
40.47619047618936
8.075601374569935
-121.92982456140031
-56.04026845637633
-24.56445993031373
-112.19931271477448
-111.53846153845976
2.249134948096731
-14.864864864865613
-94.25087108013811
12.86644951140056
37.49999999999958
118.07228915663106
-55.08474576271303
-107.89473684210236
-102.21843003412862
-116.66666666666424
-97.69230769230637
-10.759493670884709
266.3568773234169
-11.952861952862769
-102.38095238095076
-99.45848375451085
-69.86062717770116
-109.8540145985383
-31.720430107526795
-65.25423728813676
-104.7325102880632
-95.01718213058304
-88.51132686084064
-4.785478547855252
-112.26415094339426
-67.46031746031835
144.29429429430195
158.24372759857334
-60.216718266254915
119.50354609929502
-92.23826714801383
32.79569892473102
18.498168498168944
105.89225589226032
-11.818181818182993
227.48344370861517
163.38028169014547
34.81848184818435
-127.0491803278659
116.88102893890829
-56.66666666666818
-1.8518518518522786
-1.2110726643574508
-94.85294117646981
-114.49704142011612
143.10344827586786
-116.21621621621331
-58.73015873015813
-30.000000000001105
-74.81203007518847
-60.65292096220002
-119.283276450509
-85.849056603773
-124.99999999999714
-20.62937062937132
-93.39622641509321
-79.62962962962982
-89.0243902439016
69.67213114754745
48.65319865320227
153.70370370370685
-36.59793814433011
-118.09926199262013
-96.54088050314374
-83.33333333333307
-95.86894586894495
-84.21052631578682
-66.3879598662216
-48.91696750902558
32.83582089552503
-109.59595959595752
-125.17730496453585
-91.71779141104243
-83.0855018587358
-121.63120567375616
-121.32616487454956
-131.07255520504415
-81.2714776632304
-13.970588235295276
11.290322580644917
-71.98581560283789
-64.72868217054352
-104.68277945619181
-45.27027027027146
-31.481481481482206
-45.91078066914615
-126.65369649805154
67.55725190840346
-111.93771626297307
-78.0303030303032
-79.57746478872956
-113.69636963696153
-14.978902953587388
-36.20689655172505
-125.17730496453612
-70.68965517241428
-94.05594405594329
-118.53146853146598
-97.95539033457129
-125.86206896551437
-88.11074918566723
-99.10179640718434
-71.6300940438882
-86.36363636363589
-73.9130434782588
198.43205574913273
-66.66666666666708
-65.30944625407287
-127.69516728624232
-112.71186440677742
-31.619937694702923
-56.25000000000095
-81.14754098360542
-12.318840579710807
-116.6666666666644
-60.39426523297582
-83.5664335664336
-110.57347670250608
-101.85185185185047
-4.729729729730492
-112.406015037592
-53.70370370370512
-103.48837209302161
-90.78947368420977
-39.27335640138427
-59.09090909090955
-70.11834319526724
-11.386138613862574
-117.84565916398462
-126.97368421052334
-99.81401273885368
-80.76923076923094
-128.19314641744242
-66.33466135458075
-125.83081570996684
-136.72924187725653
-105.78231292516823
-99.64028776978105
-92.85714285714224
-101.9519519519495
-119.17808219177832
-164.66315789473742
-58.42490842490981
-117.0329670329646
-88.84892086330859
0.0
0.0
0.0
0.0
0.0
0.0
0.0
0.0
0.0
0.0
0.0
0.0
0.0
0.0
0.0
0.0
0.0
0.0
0.0
0.0
0.0
0.0
0.0
0.0
0.0
0.0
0.0
0.0
0.0
0.0
0.0
0.0
0.0
0.0
0.0
0.0
0.0
0.0
0.0
0.0
0.0
0.0
0.0
0.0
0.0
0.0
0.0
0.0
0.0
