1.25027952e-315
-96.37223974763208
-83.75394321766399
-83.96226415094135
-85.3846153846146
-106.08108108107962
-104.71698113207412
-103.06859205776036
-102.56916996047298
-78.81355932203364
-88.62815884476446
-95.20547945205428
-88.56655290102343
-87.26937269372678
-14.353312302839225
-87.49999999999888
-91.55844155844063
-17.132867132867506
-2.842809364549586
-61.3149847094811
-43.53612167300478
49.35691318327836
-67.26618705036103
99.0706319702598
-3.658536585364759
7.718120805368141
-96.3087248322133
148.18181818182387
-113.23529411764503
-9.15492957746535
-71.6300940438881
16.666666666666217
100.00000000000708
-76.153846153846
4.109589041098507
-74.73118279569925
6.4885496183199365
4.411764705883776
89.26380368098759
-61.97183098591637
-36.666666666667346
-67.52577319587719
-75.53191489361707
-77.21518987341761
-68.74999999999685
18.711656441716457
16.666666666666487
189.16083916084148
7.894736842104141
73.10756972111838
7.894736842105786
8.24915824915718
39.7810218978128
150.69930069930695
98.25174825175301
-55.66037735849129
-0.17421602787524795
124.91408934708079
72.64150943396868
-42.361111111112564
-57.47330960854167
154.05405405405753
-49.3506493506508
-75.675675675676
146.16724738676533
14.983164983163475
-22.483221476510394
42.92604501607599
20.63492063492039
500.909090909076
228.7375415282458
171.16788321168525
231.67938931296817
-39.230769230770136
-38.15789473684329
262.21374045802276
407.09342560553154
116.4092664092741
22.66187050359694
355.3763440860058
-53.13390313390438
-30.952380952382345
23.913043478260136
323.68421052631504
82.55813953488888
93.42105263158254
41.72932330827376
105.61797752809554
-27.675840978594596
-81.40794223826634
-51.315789473684326
27.570093457944346
113.51351351352011
-42.47311827957126
-66.94352159468552
-34.10596026489996
-10.068259385666726
-73.07692307692415
36.50793650794163
-2.2336769759459814
-40.45936395759837
-64.01273885350413
-100.53003533568784
49.31271477663636
69.6721311475436
27.474402730379083
86.42172523962131
107.24637681159777
3.846153846156727
-12.068965517241436
-79.05405405405435
-50.30211480362439
37.71331058020445
-110.62992125983992
-49.65397923875579
-95.25547445255408
-31.75675675675774
72.8915662650651
-85.25179856115075
-60.85271317829544
12.79069767441994
6.521739130438325
-84.48275862068952
77.27272727273053
-29.194630872484314
-81.50684931506815
2.173913043477985
248.02631578947955
-86.56716417910388
32.75862068965632
8.450704225351679
80.76923076923127
-99.99999999999879
-1.8518518518523677
0.3759398496236098
32.66253869969028
-83.77483443708554
-73.63636363636391
-63.738019169326776
-11.01694915254334
86.1963190184116
-118.42105263157652
-72.6006191950444
-8.08580858085905
61.61825726141102
38.3116883116901
-50.64102564102699
70.27972027972604
-99.04458598726029
-88.77551020408022
-14.111498257840262
141.8149466192248
148.0769230769288
-22.964169381107713
-3.383458646617258
-76.9102990033226
146.02888086642724
65.09433962264356
-18.794326241135774
-87.9310344827583
200.9433962264189
-59.72222222222325
-51.06007067137983
-16.197183098591278
64.53287197231987
-60.03460207612615
-118.05111821086024
-58.7452471482907
113.84364820846878
226.62337662338444
51.49253731343235
33.05084745762523
-78.57142857142638
-127.12418300653307
-79.44785276073608
30.451127819550635
-118.42105263157659
-59.677419354837944
-70.00000000000021
-108.47750865051663
-81.14754098360666
-75.80645161290383
-41.5254237288152
-59.09090909090958
-31.533101045296874
-99.99999999999817
-124.76340694006032
-25.444839857652124
-98.90510948904897
-127.27272727272425
-89.285714285714
-92.02898550724566
-60.59602649006703
-93.03797468354192
-18.131868131868366
-77.63157894736827
-86.32958801497857
-93.21766561514077
-38.888888888889895
-115.63573883161277
-39.67971530249221
nan
nan
nan
nan
nan
nan
nan
nan
nan
nan
nan
nan
nan
nan
nan
nan
nan
nan
nan
nan
nan
nan
nan
nan
nan
nan
nan
nan
nan
nan
nan
nan
nan
nan
nan
nan
nan
nan
nan
nan
nan
nan
nan
nan
nan
nan
nan
nan
nan
nan
nan
nan
nan
nan
6.230420705762167e-307
5.284996039481876e-308
6.898102437864088e-307
9.34598924935686e-307
1.9582021633665387e-306
1.3350876044531054e-307
1.869218220823739e-306
1.691220462202657e-306
1.1125827650232377e-307
1.1682079138633728e-307
9.346084313732175e-307
1.0013655709953587e-307
9.456886448750752e-308
1.112582765087987e-307
8.900617984123989e-308
8.90070286343753e-308
9.457607925117944e-308
1.1682045192917954e-307
8.066096452311044e-308
1.3907195437704423e-307
8.90074530387143e-308
7.565638175619499e-307
8.900601011680475e-307
8.010958515440136e-307
8.900974477966341e-307
2.581163087435306e-306
nan
6.230420705762167e-307
5.284996039481876e-308
6.898102437864088e-307
1.223838155506368e-307
1.9582021633665387e-306
9.457005279997099e-308
1.8692182208237394e-306
1.691220462202657e-306
8.900702870172493e-308
1.1682079138633724e-307
9.346084313732175e-307
1.2238313657285759e-307
9.456886448621235e-308
1.0569576161830846e-307
6.11919502184721e-308
8.90071135012555e-308
8.455613404011852e-307
9.457013767980267e-308
7.5655566912919e-307
8.066134648300044e-308
7.565577062969552e-307
8.90111877577822e-308
9.3459892490461e-307
9.345975674178908e-307
8.900974483043303e-307
2.65251319506e-312
4.341763665511e-311
4.341763665669e-311
4.341763665076e-311
4.341763666649e-311
4.3417636661353e-311
4.3417636657875e-311
4.341763666491e-311
4.341763666175e-311
1.2488913068687118e+243
1.1007465052602423e-306
1.22235224e-315
1.2470258e-315
5.596466333704517e+199
3.08254788806628e-309
7.434646098720893e+247
9.083672063631727e+223
1.1432303052260466e+243
1.1944600106485045e+190
5.8407807633137925e-298
9.095274091402935e+227
1.701773537936017e+214
1.4183333666279233e+190
1.1444919183403335e+243
4.2256047815629887e+164
4.440332112570876e+252
3.5108544248963356e+151
5.596466333704517e+199
3.098844815740895e-309
9.040455801919338e+223
8.894704162910384e+252
1.1218957141910252e+200
5.303814086800774e+180
4.20490161794812e-172
1.1460247205256554e+17
4.482614604721876e+151
5.596466333704517e+199
3.11514174341551e-309
4.797566821433545e+276
1.910813667383005e+214
1.1218956942075038e+200
5.303814086800774e+180
5.307331994862344e-201
1.7101846784539624e+214
4.77296810496873e+180
295.1497692592879
5.991558144604915e+92
3.956148528756416e+252
4.772968104968726e+180
2.6612417076322254e-128
5174427784314881.0
5.1763239311600047e+160
2.4986731085682944e+267
8.894892536667737e+252
5.4531396727962755e+247
6.8496647732933255e+180
7.365369863561773e+271
6.935465001874838e+252
1.887439941471183e-309
1.6718372537732353e+243
1.2488913068676907e+243
4.981141219467721e+127
2.9966532656384917e+242
6.809939965853327e-230
7.454138187861363e+247
9.08367237381747e+223
3.793709057286449e+164
4.440332112570876e+252
1.1218956771430322e+200
5.303814086800774e+180
5.307331981269539e-201
5.269903795548254e+170
4.772968104968744e+180
3.6938369783970146e-249
3.3200732310945345e+50
3.4443187151620686e+151
7.355190229121645e+223
3.4782130879611983e-196
4.409738942248746e+199
1.2488913068681738e+243
1.962669571945831e+243
5.369483408678921e-66
1.1289872840558872e+190
4.77296810496873e+180
5.684377786954458e-32
2.6867031324742294e+49
3.6654733720618145e+151
5.596466333704517e+199
1.69730903572415e-309
7.484630482302696e+199
1.2488913068684673e+243
1.962669571945831e+243
5.377597297133531e-66
