-85.81081081081055
-93.03797468354296
-96.23655913978408
-101.14006514657868
-103.12499999999756
-67.85714285714388
-106.79012345678807
-88.56655290102367
-109.18367346938577
-115.15679442508483
-123.06397306397028
-121.11913357400456
-119.81132075471446
-110.7843137254881
-85.25179856114913
-80.90909090909109
-74.7311827956991
-100.16611295680922
-66.98113207547236
7.534246575342218
-64.9659863945586
-54.761904761905754
-93.03797468354382
-11.423220973783714
-74.65753424657407
-1.393188854489427
-97.88273615635013
-49.22480620155195
-85.38461538461347
-6.655290102390096
-72.1902017291071
-75.4237288135597
422.6872246695837
-49.686520376176176
123.07692307692955
-43.548387096774945
-64.96598639455908
-112.9629629629611
13.34661354581535
-51.88679245283134
-68.5667752443005
-71.56862745098071
-84.93150684931491
-7.627118644068698
10.27874564460028
77.7580071174446
362.19512195121433
-5.633802816902087
-92.17687074829821
38.8111888111876
-89.92932862190769
-74.41860465116267
-88.70967741935473
-91.22237762237859
38.00000000000574
-95.94594594594467
-30.281690140845843
-2.739726027398374
-30.165289256199713
-99.45848375451125
-98.14814814814709
25.257731958762225
-17.924528301887015
-98.6301369862998
-36.27450980392213
45.945945945945084
135.71428571428902
407.4912891985896
195.72490706320443
-83.99339933993302
-60.29900332225993
-33.87096774193469
-32.75862068965632
-57.849829351536165
-68.49529780564109
11.716171617159985
-81.03448275862048
53.1249999999983
120.07299270073327
300.70422535210247
115.23297491040188
23.611111111113487
-90.39735099337724
25.25773195876165
35.567010309277755
193.75000000000105
353.33333333333314
149.6845425867555
50.668896321071074
-68.91891891892021
27.935943060500797
146.92832764505357
-64.67576791808935
-70.86330935251841
138.65979381443515
298.7179487179506
-69.1919191919202
-77.75665399239543
-117.62589928057305
-117.27272727272445
-60.29900332226022
644.1176470588127
159.7643097643149
114.21404682274333
-30.70175438596581
-0.5747126436786545
-28.67647058823588
-14.238410596027293
-34.120171673820884
-41.79104477612082
-52.642857142856975
-79.88929889298926
283.6917562723859
22.661870503595637
-101.12781954887086
-66.10738255033236
-70.15209125475353
-106.81063122923405
-127.12418300653314
-106.22895622895408
-39.65517241379415
191.05960264900824
171.28514056225623
110.4790419161719
39.59107806691362
-97.36842105263071
-20.307167235496422
-50.00000000000114
-73.33333333333212
-46.057347670251495
-4.729729729729934
-66.96750902527121
51.38888888888762
25.159235668790323
61.469534050177664
54.20420420420916
50.69204152249051
32.85714285714084
-55.10948905109584
-96.42857142857035
-13.970588235294082
-62.72727272727371
-30.398671096346337
-35.5218855218859
181.0810810810879
52.749140893473914
31.48148148148327
26.056338028172007
122.4137931034499
-52.77777777777931
640.3225806451504
210.71428571428993
-25.43252595155763
-42.592592592593505
95.5516014234939
1.2027491408932516
-59.96784565916451
-23.33333333333455
-92.74809160305195
-25.886524822695616
-97.3684210526285
-9.106529209622776
-25.776397515528735
-108.33333333333128
-111.53846153845974
-104.54545454545162
-36.15384615384632
-117.39130434782369
187.83783783784028
381.24999999998727
249.31740614335027
171.5547703180219
-41.525423728813976
113.88888888889292
-77.7566539923952
269.3548387096829
49.28825622775898
-93.7086092715201
-18.852459016394636
-127.34627831714909
-106.65634674922256
-93.33333333333228
-67.76315789473782
-50.000000000000455
-33.39222614841093
163.9534883720961
167.56756756757366
72.92993630573514
-98.05194805194691
-65.49295774647858
107.46268656716768
58.33333333333359
0.5376344086020783
124.64788732394739
402.2388059701404
80.08849557522467
-53.42679127725916
-22.13114754098439
-100.15576323987435
-50.35587188612203