1.507e-321
-113.57615894039533
-93.06049822063973
-106.37583892617295
-114.56692913385596
-111.66134185303339
-101.7241379310326
-104.86111111110964
-81.59609120521124
-69.86062717770078
-92.37288135593168
-93.14381270902884
11.184210526315674
-111.53846153845954
-122.44094488188699
-94.44444444444392
-4.889589905362535
-78.32764505119466
-82.14285714285681
30.281690140847573
-7.605177993527687
-11.818181818183106
13.934426229507062
9.322033898304392
39.83050847458111
-16.666666666666476
81.09243697479236
-114.28571428571202
502.5096525096438
301.7241379310245
75.16556291391002
-7.6051779935283825
256.6666666666685
334.662576687114
266.9884169884196
267.50841750842204
359.50570342205185
21.328671328673344
40.78947368420952
115.51724137931555
154.18250950570894
107.04225352113185
158.51063829787938
44.630872483221054
67.54385964912139
362.9151291512901
211.70212765958183
74.3589743589731
-111.90476190475991
-78.1250000000003
105.1724137931038
754.7619047618884
148.6111111111187
117.79661016949242
76.6187050359787
-90.76655052264567
-60.48275862068524
67.39130434783308
445.41984732823084
23.611111111109576
-58.794788273616035
-114.16938110748974
-47.959183673470434
324.19354838709677
279.4871794871846
11.17216117216016
296.7353951890077
474.99999999998863
161.47540983606962
-66.742857142855
385.35353535352897
258.80503144654085
139.28571428571783
-211.09999999999792
400.1858736059287
4.362416107385203
160.95406360424673
530.4511278195411
317.1532846715258
330.28673835124886
154.9180327868899
116.23376623376922
42.567567567570904
-70.15209125475366
-66.66666666666735
268.0327868852468
335.4014598539992
314.1638225255957
122.72727272727248
557.4829931972693
27.049180327873387
-36.120996441282564
452.23048327136513
562.4183006535742
342.80575539567513
104.29553264604905
358.5324232081854
218.60068259386316
391.9580419580416
336.8913857677834
250.72202166065225
-8.52090032154323
80.21582733812923
186.80555555556322
100.000000000001
95.6140350877264
97.58842443730484
-182.78873239436567
186.53846153846806
36.70886075949517
88.75432525951769
-1.301115241636542
250.72202166065583
262.9032258064478
396.15384615383255
38.11881188119191
284.9442379182056
155.64784053156916
348.26989619377315
195.1612903225832
332.6589595375564
188.18181818182458
123.33333333333655
136.18421052631996
10.839160839159707
-109.01639344262091
-36.12099644128222
562.4999999999819
130.15564202335165
154.19580419581035
4.6391752577315515
533.2579185520242
300.4504504504506
172.18844984803164
143.70629370630064
330.83623693379485
194.5692883895093
-24.999999999998995
65.75342465753967
-75.0814332247563
1.2027491408930842
159.80392156862968
514.3356643356551
128.52348993289303
502.01465201464333
39.368770764124584
308.0419580419585
416.3430420711899
398.8721804511133
-64.47368421052556
214.312267657995
262.8113879003556
1.6245487364612607
176.2411347517808
36.77042801556321
-120.9677419354812
250.67340067340814
423.7179487179429
243.333333333338
172.25913621262788
61.22112211221807
-52.366863905326326
648.657718120791
833.7398373983548
205.40069686411783
212.77602523659885
175.30120481927852
447.9729729729594
25.75757575757917
490.41095890409997
521.5328467153128
428.12499999998926
317.5767918088663
444.75218658891725
374.7524752475208
35.28610354223404
112.97577854671661
88.4615384615377
459.83606557376135
182.1554770318058
504.6052631578781
379.41176470587305
193.6426116838541
-98.68773006134985
327.27272727272737
303.5714285714127
436.2068965517113
228.00687285224075
98.27586206897169
353.47222222221023
299.4382022471778
160.1045296167276
-42.56198347107574
-80.4029304029307
-90.59405940593996
73.93822393822674
36.20689655172421
200.69444444445185
502.77777777776544
565.2317880794557
