nan
-89.189189189188
-91.1764705882332
-88.05309734513196
-88.84892086330835
-108.33333333333118
-82.03883495145529
-94.25087108013714
-96.54088050314343
-94.4444444444427
-104.86111111110903
-125.07788161993483
-94.05594405594213
-82.62411347517622
-74.637681159421
-115.15679442508495
-98.97959183673369
-72.7799227799233
-32.352941176470736
-120.90909090908833
-79.23076923076749
94.36090225564669
-180.694704049844
77.27272727272658
-27.96610169491587
-24.598070739550366
-91.36807817589553
-91.36807817589529
23.38709677419299
-37.09677419354959
-103.94736842105145
-87.71626297577761
-94.23791821561059
-83.96226415094334
-75.92592592592572
-23.37662337662471
-134.1838709677429
-111.41479099678264
-86.09022556390757
-65.58441558441682
-91.17647058823395
-55.79710144927626
87.41007194244487
20.454545454548708
-18.589743589744586
-3.503184713377425
-106.08108108107797
-8.4337349397596
32.1305841924385
-37.37201365187783
-11.702127659574598
-69.01408450704274
-14.686468646865972
-43.8356164383566
265.7706093189978
9.090909090908525
-67.7215189873429
-84.78260869565128
-115.15679442508416
-10.139860139860923
303.4883720930196
164.81481481482015
55.882352941182845
-42.508143322477224
78.13688212927647
-15.94202898550755
-81.27147766322963
8.844765342959558
111.0169491525482
-83.75394321766555
-23.015873015874234
-33.49514563106957
160.03039513678416
1.975683890577964
77.89115646258577
-34.86842105263221
-100.33112582781337
-14.4688644688656
-99.64028776978233
-63.04347826087085
-3.503184713376347
70.64056939502538
62.230215827340814
375.1572327043882
153.88692579505994
-5.384615384616753
-30.149812734083127
-97.91666666666372
-90.95940959409486
-78.82562277580126
40.812720848060096
-70.79207920792143
-144.46666666666738
120.37037037037312
-50.76335877862729
178.1853281853317
-98.45360824741923
339.65517241378495
349.99999999998016
98.36601307190129
19.014084507041872
-50.36900369003745
-54.76190476190616
-60.34482758620801
-56.614785992218444
71.18380062305299
-84.02777777777578
49.37694704049939
-54.76190476190524
2.777777777777208
-85.01805054151637
8.783783783785148
151.0380622837425
131.25000000000037
170.00000000000594
113.51351351351656
20.80745341614775
111.02941176470685
92.03821656050964
-66.94352159468488
95.09803921569139
-78.3387622149833
90.31007751938037
-54.91803278688613
-113.41463414633823
17.24738675958026
-69.52280130293246
137.93774319066833
48.69706840390796
-61.26279863481339
47.18309859155115
389.68253968253316
143.75000000000506
42.307692307691084
38.925081433222985
-68.43971631205773
60.90909090909191
25.438596491226132
-78.5714285714285
311.2676056338035
-68.0887372013658
30.95238095237999
105.5555555555545
-6.250000000000597
36.915887850466454
257.2847682119232
51.25786163522306
-23.684210526316033
-1.7241379310355893
16.123778501627513
108.38926174496761
81.57894736842351
-20.37037037037137
-42.473118279571416
254.60526315789713
293.0379746835312
-76.66666666666708
25.675675675675826
-108.20895522387909
28.082191780822654
42.307692307698
80.03194888178926
-3.6585365853634233
-87.49999999999943
67.24137931034394
181.14754098361047
-14.942528735632996
331.01265822784495
-93.66197183098505
17.146974063399583
269.67213114754173
-3.4201954397394627
69.7802197802225
470.56737588651896
157.46268656716978
-43.4707903780078
-4.671280276818159
294.08945686900734
2.866242038218447
-39.67971530249213
-51.023890784982584
-36.36363636363759
-89.92932862190767
-72.81879194630909
-57.06319702601964
36.27450980392074
-96.84385382059708
91.83006535947852
452.6058631921666
224.5173745173665
-76.2820512820513
-72.26148409894007
-37.27272727272832
-79.71246006389443
-124.99999999999731
-102.38095238095075
-84.30656934306437
-91.17647058823381
-85.67251461988282
-94.82758620689508
12.650602409637608
55.67375886525508
1.419558359622802
-115.63573883161247
-58.47457627118707
99.20127795527904
221.9008264462812
-43.750000000000696
227.10437710438234
78.37370242215077
-77.71084337349379
-52.09790209790328
3.33333333333434
39.54248366013322
82.55813953488313
-28.787878787879045
-51.18577075098855
85.50724637681787
68.86792452830115
18.3501683501678
-93.14381270902882
111.14649681529113
443.54838709676727
163.53135313531985
266.35687732342336
137.1621621621654
153.50194552529487
13.701067615658195
-21.972318339101356
143.93939393939834
133.9506172839516
248.69281045751924
352.0408163265201
96.5753424657592
-63.62126245847283
-125.40983606557097
-82.62411347517711
-107.44680851063659
176.66666666666774
329.4952681387997
-27.47035573122616
64.81481481481481
130.1302931596109
144.32624113475475
84.87544483986369
206.90235690236264
54.01337792642029
-83.99339933993414
32.72425249169309
-32.56227758007254
