-81.91489361702105
-85.81081081080946
-102.8023598820038
-98.71794871794701
-82.20338983050712
-91.60583941605798
-119.899665551837
-99.99999999999794
-52.527075812275704
-81.37254901960712
-89.92932862190794
-71.76870748299369
-89.50177935942983
18.0
-51.098901098902175
-78.57142857142917
-78.571428571429
-70.22792022791974
-92.24924012157908
-105.99999999999835
33.22981366460101
-18.421052631578032
194.5692883895194
-31.41025641025655
-52.20820189274537
-105.63139931740285
-105.55555555555402
-80.06993006992988
10.883280757097758
-51.23456790123492
189.5522388059766
-61.392405063292685
-28.378378378379136
-119.38775510203834
-10.92715231788075
27.700348432058412
-31.75675675675775
-59.395973154363844
-70.97264437689991
-29.90624999999895
12.721893491123156
102.52525252525443
-18.42105263158019
84.3750000000032
-67.8571428571439
-104.54545454545232
59.30232558139564
55.38720538720623
-108.4775086505175
-8.58585858585955
-67.60299625468251
-126.97368421052337
-132.00871369294643
-45.973154362417425
27.474402730376568
-57.40740740740803
17.27272727272609
25.627240143368475
-8.156028368794741
35.810810810810864
-83.77483443708579
-94.26229508196634
80.18867924528472
-98.45360824742124
-99.49494949494851
-40.84507042253658
-80.23255813953472
229.0849673202548
-72.81879194630844
-78.813559322034
-128.1931464174426
69.69696969697124
-47.610921501707
-18.52589641434276
-83.53474320241479
20.81850533808128
37.969924812029724
100.73746312684595
108.0645161290357
3.8461538461537232
-107.4468085106364
672.8782287822801
764.3968871595115
245.18900343643028
141.97080291971113
23.333333333332753
-92.59818731117745
-99.64028776978293
35.06493506493363
-93.85964912280554
-37.64044943820308
-6.269113149847366
296.49446494464917
101.90839694656871
7.5342465753409105
-30.308880308881353
-121.99999999999729
-77.15231788079494
-70.15209125475367
131.0218978102191
-77.15231788079458
181.3432835820967
4.13533834586365
-75.79505300353371
-8.695652173914093
-39.908256880735145
-86.1702127659563
31.451612903225453
230.56680161943888
213.30935251799252
48.08306709265183
73.77622377623045
-73.344947735192
-37.04318936877162
-25.457875457873723
-43.99293286219174
-64.1791044776128
-69.6141479099671
-21.794871794871597
-105.48961424332191
-97.36842105262859
-82.0987654320982
-103.56037151702675
-108.06451612902987
-18.09815950920344
658.9887640449242
-31.96721311475495
-96.23655913978348
-87.95620437956167
-95.25547445255361
-61.4285714285721
-43.3333333333338
-108.18815331010298
-54.25531914893724
-119.99999999999739
486.6782006920373
548.7179487179353
-15.771812080537568
-80.15873015873018
21.521035598705133
-17.92452830188764
-25.000000000000213
-61.11111111111157
-22.727272727273874
42.052980132449626
93.90243902439231
106.2277580071172
326.7025089605678
172.7848101265879
157.40740740741433
146.41693811075382
175.65789473684697
50.680272108842686
-28.20512820512996
-75.80645161290362
-14.468864468865549
136.15384615385196
193.8596491228096
-77.27272727272727
122.40143369176175
-61.4391143911455
200.1805054151673
274.6153846153878
421.8954248365924
31.818181818184172
240.43824701194734
-50.00000000000014
-18.42105263157979
-68.0887372013648
12.790697674418102
-81.14754098360612
-92.02898550724393
-89.59731543624069
-53.780068728523304
685.5704697986365
130.1418439716381
-41.69675090252787
-121.15384615384363
-121.73144876324822
-106.11285266457492
-81.89964157706109
-57.801418439717075
321.63120567374693
194.8275862069028
-117.74193548386852
13.701067615657442
-81.59609120521186
-55.882352941177636
28.181818181819043
-126.27118644067502
-75.56634304207167
172.36842105263239
-63.62126245847335
-4.901960784311795
53.57142857142768
-21.87500000000002
-106.52173913043298
-56.88259109311813
154.83271375464818
319.13580246913614
207.6388888888933
122.10884353741471
-24.074074074074428
116.66666666667287
4.798761609908739
240.68100358423143
241.30434782608725
284.37500000000466
-33.16151202749224
-70.00000000000105
50.000000000006054
-39.679715302490756
-94.46315789473759
304.873646209366
-46.87500000000125
-62.72727272727262
-47.68976897689881
-16.242038216561554
-17.109634551493787
-24.172185430464744
51.46520146520234
-33.16151202749238
-82.43243243242955
69.42446043166066
-77.83505154639201
348.18181818182
103.78787878787873
19.172932330826704
-90.07490636703945
-90.55944055943974
-95.94594594594396
-115.15679442508433
-83.09859154929401
248.496240601495
124.83443708609843
-135.55956678700028
-100.49504950494963
-109.04436860068098
-51.69491525423809
-96.42857142857056
-106.52173913043305
-2.842809364549252
4.362416107384194
-98.4536082474218
-90.99378881987482
7.190635451504365
-22.262773722628744
-91.17647058823484
-81.14754098360646