nan
-82.3843416370099
-89.9293286219071
-72.55892255892232
-100.65789473684065
-117.27272727272496
-109.59595959595795
-87.49999999999861
-85.15358361774744
-78.32764505119432
-67.76315789473728
-75.92592592592617
-88.7755102040802
-64.08934707903762
-29.2569659442736
-52.87769784172801
-183.49620253164517
-77.00729927007359
91.61073825503932
-9.016393442624071
-84.37499999999994
-114.98054474707949
-64.19141914191523
-69.70802919708109
-36.20689655172564
-65.75091575091655
-44.230769230770186
-40.82969432314462
-83.75394321766521
-58.227848101267334
-91.3919413919407
86.3636363636403
-15.384615384616279
-27.862595419848155
9.86394557823019
-49.67637540453211
-125.5244755244726
-65.5405405405413
429.3103448275679
103.12500000000313
-79.32862190812648
-86.10223642172477
109.25925925926606
1.7509727626449112
-84.9315068493151
-75.53191489361726
-60.299003322260155
-50.332225913622295
-42.26519337016637
-124.76340694006022
-6.630824372760833
-49.67637540453204
-111.90476190475974
-115.6357388316128
-123.06397306397024
-91.78082191780733
-121.6599190283374
-97.552447552445
-106.43703703703746
-46.797153024912426
-43.75000000000103
-92.76094276094165
-84.10852713178072
-92.9429429429421
-66.66666666666623
-112.61682242990452
-82.90734824281114
-13.192182410423909
-128.77984084880327
-92.76094276094173
58.19112627986633
-43.89067524115847
222.26277372262993
-31.656804733729093
41.335740072200636
35.18518518518505
-19.969040247678652
30.952380952379535
-67.98107255520583
-103.89361702127735
116.66666666667109
76.97368421053321
-9.259259259259759
-26.033057851240223
-129.7297297297266
31.51815181518038
-5.55555555555299
-28.69822485207206
-118.08510638297622
-108.99053627760041
-72.1183800623056
-75.53191489361707
36.7469879518056
-9.060402684565375
-76.05633802816804
8.620689655172487
247.1119133574056
36.20689655172262
-57.80141843971754
-83.75394321766578
-39.63210702341268
-87.08609271523174
7.4803149606291175
65.82733812949891
150.3802281368868
-54.761904761905065
-42.50814332247636
-48.64864864864946
-99.21874999999854
23.584905660376634
22.638436482083634
30.602006688961467
-69.70802919707918
-71.38364779874135
96.62162162162387
187.57961783440192
-93.33333333333103
-109.45945945945768
-99.99999999999707
-220.88862876253916
-20.72243346007735
32.09876543209731
399.0909090908953
67.39130434783307
35.567010309277045
-40.97744360902315
157.2100313479675
249.22480620154215
-40.56603773584972
65.61338289962781
164.56953642384383
30.272108843536984
17.857142857141177
87.62376237624049
-23.684210526317237
-85.37414965986363
15.605095541400246
16.064981949461824
340.3846153846162
85.29411764706161
55.223880597018464
-35.41666666666745
-57.21649484536237
-38.888888888889056
-49.61389961390021
77.58620689655594
226.38376383764452
188.9261744966452
-88.77551020408032
-95.28875379939042
282.5396825396824
-27.622377622378316
95.22292993630825
42.98245614035664
159.0909090909148
132.46753246754014
-70.26578073089796
-53.01003344481654
-8.490566037736631
168.99641577061323
266.37010676154796
196.1538461538528
-69.46308724832326
10.278745644597901
-96.12794612794502
19.42148760330422
28.08219178082228
381.69014084505784
207.1428571428594
-45.7654723127032
41.01123595505746
-99.656230031949
12.25165562913795
-115.03496503496275
-25.862068965517715
82.70440251572907
-86.75889328063218
6.028368794325772
139.0625000000003
256.24999999999307
132.60869565217405
177.0676691729378
-32.75862068965402
76.95035460993586
123.80952380952928
82.32323232323515
96.26865671641808
187.79264214047157
476.6233766233616
309.5469255663281
158.17610062893357
-102.5423728813542
145.77464788733013
-125.8620689655143
-58.79478827361617
-113.50364963503357
-39.9082568807347
-112.83783783783566
-47.435897435897225
228.98089171974823
-87.08609271523052
30.602006688962327
7.728706624604696
-6.655290102390161
-48.46153846153904
125.75757575758226
-14.661654135338573
-70.00000000000081
-44.23076923076976
69.26910299003183
-46.969696969698035
-85.60606060606023
39.54248366013017
245.1048951048993
232.35294117647666
-69.64285714285687
-98.48484848484676
245.49839228296304
203.69774919614807
368.11594202896964
244.32176656151853
456.77966101694
257.05128205128483
-56.040268456377014
-121.53024911031783
-119.99999999999754
-118.2539682539659
-99.52681388012473
-7.142857142858025
-75.42372881355972
-77.00729927007305
167.8807947019928
230.00000000000227
23.584905660375604
-54.76190476190608
66.49484536082802
-12.87625418060112
108.74125874126243
630.7692307692063
-30.000000000000075
-33.561643835616884
-84.25605536332026
31.81818181818521
298.6301369862892
-43.47079037800744
-29.12087912087955
-0.9803921568641137
-116.29213483145826
-98.2200647249182
-90.97222222222123
