6.75513585696772e-67
-95.33762057877628
-92.96577946767901
-99.15254237288003
-93.46289752650063
-85.71428571428508
-64.67576791809014
-67.6029962546828
-82.90734824281117
-115.27777777777574
-117.21311475409617
-111.67247386759341
-124.91039426523011
-108.33333333333171
-103.73665480426875
70.68965517241294
-79.3286219081271
-61.184210526316505
-41.37380191693373
-117.39130434782365
-67.46031746031748
-92.44604316546666
-94.26229508196558
12.079510703363344
79.50819672131658
-114.91228070175164
-67.26618705036073
-121.73144876324842
-132.456140350874
-92.23826714801345
-131.75182481751506
-51.31578947368467
-0.7936507936514356
-68.81918819188289
-117.32026143790547
41.01123595505524
12.454873646209869
-96.84385382059696
-56.716417910449
-81.40794223826703
-129.5918367346909
-115.39792387543017
-106.08108108107946
-97.71241830065254
-79.05405405405457
-60.91954022988606
-121.83098591549047
-121.3375796178313
-132.93515358361446
-93.52159468438431
-107.79220779220528
-132.33215547702864
56.34920634920558
25.438596491227308
103.84615384615614
-33.33333333333427
-109.11949685534407
-94.05594405594289
-76.8292682926835
-40.459363957598605
-134.6153846153812
-37.640449438202786
-102.38095238094938
-11.842105263158729
-92.85714285714195
-41.89189189189124
-95.16129032257992
-115.40880503144365
-118.62745098038975
-132.57839721254038
-77.33564013840765
-108.64661654135162
-74.5901639344262
-94.44444444444322
-104.39739413680616
-132.142857142854
26.258992805757387
-11.70212765957479
-108.49056603773424
-29.245283018867916
-50.34364261168456
-21.080139372820764
-120.8029197080263
50.00000000000631
-58.00000000000071
-73.34494773519232
-88.40579710144895
-35.81314878892859
-125.38461538461262
-33.16151202749239
-118.74999999999744
-91.81818181818143
-64.28571428571524
-93.11377245508888
-74.46043165467695
-117.74193548386866
-112.19931271477355
-45.83333333333366
-119.79865771811826
-130.19801980197704
-81.88854489164056
-127.44360902255343
-38.05970149253715
-7.14285714285514
-106.6666666666651
-69.73244147157273
-47.05882352941282
-102.05479452054671
-95.57823129251574
-73.91304347826186
-54.593639575973114
-34.89208633093602
-164.09963099631074
-75.00000000000058
-97.73519163762816
43.798449612402734
-130.58252427184152
-152.86308243727643
-52.621722846443426
-105.17241379310158
106.66666666666765
-55.66037735849057
67.85714285714543
-96.12794612794484
-72.81879194630807
-103.4161490683215
-88.18181818181667
-128.19314641744268
-130.7692307692277
-0.7462686567134025
-123.06397306397031
-74.99999999999919
-92.3076923076916
-93.57366771159806
-78.32764505119401
-83.56643356643359
-76.28205128205151
-126.58862876253887
-48.83268482490401
-52.1381294964
-59.38511326860988
-83.09859154929588
-67.26618705036083
-29.43262411347577
-116.15384615384376
-89.16349809885845
10.130718954250836
-108.59872611464652
29.211469534053236
-82.88590604026831
-115.15679442508483
-101.7045454545443
66.02787456446407
-87.71626297577824
-110.39603960395876
-61.66077738516049
-126.28458498023419
-135.1190476190442
-108.76288659793642
-103.0201342281867
-62.337662337663815
-120.29702970296769
-111.2403100775173
-118.25396825396575
-66.03053435114639
-74.73118279569917
-99.66442953019828
-62.4579124579135
-8.108108108108196
-98.71794871794752
80.1587301587303
-54.7619047619062
-22.340425531914775
-190.47808219178006
-87.28222996515618
-128.26086956521436
-130.39215686274193
-81.37254901960767
-64.96598639455733
3.5580524344599946
-132.2064056939469
-110.36585365853477
-132.63888888888562
-135.81560283687597
-103.17725752508231
-116.10169491525203
-120.80291970802652
-111.80555555555362
-73.54740061162182
-48.02631578947453
-112.96296296296023
-82.33082706766903
-102.20588235293894
-68.23899371068879
-82.38434163701037
-58.45070422535267
-101.92307692307595
-49.28057553956703
-32.539682539682886
-45.52238805970258
