-124.87692307692318
-74.09836065573624
-74.1984732824431
-112.98245614034873
-101.92771084337215
-93.33333333333232
-94.54545454545364
-15.522388059701127
-83.09963099630957
-98.49462365591262
-28.296943231442068
-91.73144876325011
-80.71428571428535
-98.52760736196207
-66.03174603174446
-66.87500000000055
-92.31833910034486
-52.5842696629222
-96.35135135134992
-118.49872611464963
-22.912621359223255
-93.28244274809084
-75.17241379310349
-172.21594202898575
-83.69636963696306
-74.06360424028263
-85.75342465753403
-81.83206106870213
-96.3513513513501
-95.20902527075825
-91.92982456140248
-102.69896193771466
-82.73291925465718
-82.96296296296292
-73.6679536679541
-100.13245033112436
-83.8989169675085
-103.05084745762495
-52.384341637011936
-50.31358885017508
-53.55481727574798
-95.94501718212965
-76.81063122923518
-35.75091575091651
-54.42622950819751
-82.14511041009439
-90.90909090908895
-38.518518518518654
-88.99224806201471
-113.73040752350877
-102.75862068965374
-107.2204472843433
-73.0685920577618
-103.55263157894572
-95.69444444444322
-97.27272727272621
-112.3954372623553
-85.98639455782289
-83.85542168674647
-69.36708860759504
-78.19935691318335
-97.77777777777563
-57.06293706293751
-103.33333333333132
-1.5331010452960052
-96.66666666666453
-87.85714285714243
-69.99999999999982
-88.64111498257766
-98.10218978102057
-61.93548387096621
-90.29702970296941
-87.74193548387038
-69.66442953020155
-82.71186440677872
-83.23529411764652
-96.8339768339756
-68.55305466237962
-95.26760563380303
-64.98381877022732
-104.22712933753775
-84.85623003194829
-63.70860927152368
-71.55709342560566
-69.52681388012667
-116.32222222222211
-81.03896103896047
82.58620689655248
-24.580152671756085
-110.09900990098814
-90.95435684647212
-77.14285714285724
-105.51877022653717
17.457044673538395
-15.397489539748081
-85.51724137931014
-85.51724137931001
-166.8282051282055
-86.30656934306627
-87.83144876325098
-91.53024911031943
-190.68389057750682
-82.34309623430879
-77.37704918032813
-101.48148148148015
-102.07885304659341
-58.080495356038035
-92.4137931034463
-81.6724738675958
-52.2033898305088
-100.26315789473537
-76.22895622895612
-48.10457516339958
-99.9999999999982
-71.67286245353117
-51.74061433447024
-45.23364485981405
-70.81967213114667
-93.28244274809052
-50.00000000000079
-134.77788161993786
-88.16996336996357
-76.67870036101118
16.80781758957652
-92.31833910034514
-118.80645161290316
-106.39999999999995
-104.189723320156
-97.73098591549301
-56.41618497109892
-41.50170648464265
-86.8874172185424
-109.01098901098688
-73.90070921985821
-80.60606060606023
-68.2758620689661
-35.54054054054033
-63.39622641509403
-48.00000000000103
-103.9743589743573
-113.67088607594718
-157.97769516728704
-79.65417867434994
-94.16974169741593
-71.31086142322067
-128.94865900383166
-58.3561643835627
-106.92810457516121
-35.12915129151397
-80.43165467625866
-100.45602605863047
-34.89361702127769
-93.15436241610666
-94.35897435897353
-84.28571428571394
-64.4444444444451
-113.5897435897414
-112.95774647887109
-47.58620689655045
-86.54275092936746
-50.65693430657043
-114.77806788511525
-74.69255663430297
-13.536121673004336
-36.92307692307781
-84.16938110749126
-55.483870967742824
-78.18815331010488
-102.39436619718151
-93.9776951672851
-102.81786941580602
-98.18181818181685
-83.5761589403972
-82.68656716417861
-50.1470588235297
-108.32684824902512
-67.01986754966956
-77.44680851063784
-103.55263157894572
-73.70370370370371
-108.67924528301701
-96.65369649805324
-60.959409594097046
-113.00699300699085
-24.918032786885444
-84.78873239436565
-95.17730496453683
-77.23684210526292
-46.07003891050682
-100.31496062992
-67.36842105263267
-79.99999999999964
-93.97769516728519
-101.48148148147934
-92.86821705426249
-113.56913183279525
-52.51533742331371
-80.63015873015897
-86.54275092936753
-69.20634920634942
-73.33333333333358
-83.74622356495456
-78.04195804195783
-22.02702702702728
-27.142857142858052
-38.51851851851964
-51.88854489163991
-94.60317460317371
-68.90510948905077
-68.90510948905195
-55.15358361774783
-43.8754325259526
-113.07958477508436
-71.492537313433
-102.93515358361613
-102.72589928057548
-98.32817337461162
-99.79797979797858
-112.56505576207965
-120.73797468354428
-84.4128113879
-84.28571428571388
-81.40350877192895
-58.52459016393484
-73.3333333333335
-94.91039426523183
-42.297297297298215
-73.27102803738319
-96.1092150170639
-112.95774647887109
-113.4853420195418
-84.96815286624157
-70.1779359430607
-76.8106312292357
-34.59074733096156
-52.09876543209986
-74.09836065573792
-99.88505747126291
-113.82716049382496
-22.097902097902306
-56.80297397769577
-88.53146853146775
-112.75362318840365
-113.9209726443747
-82.09912536443139
-57.72893772893858
-100.45602605863044
-86.10169491525401
-92.97297297297108
-71.89003436426135
-96.58862876254058
-57.90849673202528
-69.15254237288211
-151.67118644067835
-98.32817337461165
-20.709219858157375
-92.97297297297197
-152.1090252707587
-85.39792387543186
-99.0209790209776
-60.19933554817355
-95.23219814241288
-76.52173913043474
-159.05789473684277
-105.96491228069985
-24.21455938697205
-90.67049180327874
-65.57823129251776
-78.86075949367118
-103.22147651006551
-59.62264150943472
-147.07730496453942
-95.46012269938534
-103.27759197324258
-88.45425867507811
-70.70422535211316
-58.31168831168918
-87.53246753246653
-100.32786885245754
-82.68656716417888
-99.23875432525813
56.029962546821395
-27.801418439717295
-79.0443686006823
-106.14958448753299
-123.84195804195801
-87.85813148788941
-52.43243243243332
-93.58490566037624
-72.38095238095082
-16.90721649484576
2.2570532915355015
-73.98773006134985
-27.692307692308603
-66.4285714285719
-103.53909465020367
-113.1034482758599
-105.07462686566944
-4.210526315789629
-80.14492753623074
-99.16666666666532
-99.2899408284007
-104.56790123456622
-103.22147651006566
-70.70422535211155
-9.632107023412063
-87.85714285714207
-11.60839160839215
-49.0540540540552
-97.27272727272596
-99.31034482758403
-95.08896797152912
-103.76623376623229
-100.83067092651609
-109.39929328621719
-108.97058823529198
-63.92523364486074
-78.46645367412134
-86.55518394648762
-70.38167938931274
-34.062500000000135
-110.85365853658332
-113.0555555555534
-101.01265822784659
-82.6865671641787
-40.13888888888951
-96.35135135135013
-106.92810457516168
-73.33333333333393
-85.51724137931004
-42.80701754386044
-92.78135593220343
-32.457912457913466
-76.22895622895611
-113.24324324324108
-58.46153846153898
-98.64768683273888
-64.05594405594465
-83.08724832214668
-80.36585365853641
-95.08896797152906
-85.03191489361721
-90.39473684210441
-72.86195286195293
-109.36170212765742
-24.929577464790025
-69.09090909090949
8.113879003559068
-100.98859315589202
-98.26086956521625
-72.38095238095238
-63.60902255639219
-97.77777777777645
-99.0209790209776
-94.11003236245736
-69.79504950495071
-16.103896103897167
-93.83720930232481
-99.99999999999854
-113.17406143344493
-94.910394265232
-64.44444444444497
-50.232558139535314
-83.33333333333309
-12.988929889299575
-110.29126213592032
-113.42105263157677
-96.04790419161579
-91.63120567375802
-192.3620689655162
6.436781609196647
-93.50993377483266
-91.53024911031915
-81.16504854368914
-73.23741007194128
-113.90243902438804
-109.76109215016848
-90.49180327868761
-103.3333333333317
-94.07407407407327
-111.12426035502737
-96.26112759643792
-93.77049180327774
-78.04195804195787
-85.18987341772046
-61.176470588235105
-87.97153024910975
-17.05882352941251
-124.90422535211277
-80.99290780141803
-100.58252427184317
-112.24806201550176
-112.61992619925987
-109.9328859060381
-90.80291970802855
-81.66134185303525
-83.93442622950793
-50.31358885017376
-38.215613382900344
-83.45514950166084
-56.02693602693601
-101.34328358208802
-93.50993377483368
-76.65634674922617
-164.34395604395604
-78.20895522387943
-76.26822157434387
-64.44444444444551
-42.818791946308835
-22.777777777777988
-87.16417910447697
-86.5551839464878
-113.46405228757952
-46.91029900332327
-95.07788161993663
-87.86264591439698
-96.27118644067677
-128.96111111111156
-50.091185410335456
-56.80297397769573
-74.09836065573784
-101.53846153846021
-68.00000000000063
-78.59872611464989
-77.65472312703565
-50.30303030303098
46.66666666667108
-90.03745318351918
-103.7662337662316
-95.17730496453812
-87.63754045307294
-102.14285714285556
-61.60583941605946
-74.06360424028304
-92.9729729729722
-98.59327217125252
-52.14285714285801
-21.51515151515181
-96.51006711409177
-96.10921501706365
-50.069930069930535
-99.09407665505087
-87.06586826347275
-113.12714776632086
-94.9103942652321
-91.01449275362228
-109.05109489050881
-57.106918238994524
-87.39130434782551
-81.40350877192937
-77.62711864406816
-91.73144876324892
-86.66666666666568
-67.36842105263251
-95.43859649122685
-98.41726618704898
-44.657534246575764
-110.50632911392204
-110.68322981366241
-95.07788161993682
-69.52681388012586
-113.22033898304868
-112.1874999999979
-102.81786941580539
-58.22393822393908
-86.91176470588167
-101.48148148147999
10.434782608695755
-124.11205211726383
-93.50993377483336
-102.352941176469
-93.59735973597223
-102.81786941580613
-123.16289752650204
-96.58862876254084
-113.0555555555534
-66.0431654676267
-130.09797979797992
23.382352941175693
-102.68398268398114
-58.40579710144992
-48.12500000000075
-65.65217391304287
-85.98639455782155
-112.33716475095574
-79.247648902821
-2.154882154882778
-100.5825242718434
-104.66257668711494
-161.68510638297968
-44.18772563177003
-95.69444444444353
-113.39933993399123
-78.59872611464999
-85.18987341772088
-133.908609271524
-84.28571428571385
-101.24999999999851
-95.86206896551609
-125.17323943661975
-98.02197802197666
-91.8309859154919
-66.23655913978612
-93.24414715718898
-100.26315789473537
-96.10921501706267
-103.42541436463928
-111.01796407185408
-113.35548172757258
-91.42857142857078
-21.408450704226237
-68.63013698630228
-95.15527950310472
-55.89743589743682
-92.60273972602643
-108.67924528301675
-104.02555910542911
-70.69310344827659
-144.9377358490571
-66.99646643109581
-67.01986754966941
-90.19867549668781
-113.33333333333117
-150.37597597597667
-25.45454545454552
-49.76588628762649
-109.13043478260676
-94.82014388489121
-101.24999999999865
-61.634241245137495
-83.89891696750881
-60.71146245059363
-78.90410958904107
-104.4720496894393
-78.90410958904046
-158.28639455782377
-87.10526315789419
-101.1320754716966
-113.0555555555534
-112.61992619925987
-87.26190476190403
-70.92024539877335
-92.0496894409916
-58.311688311688854
-97.6357827476025
-105.18518518518304
-60.76655052264932
-112.67399267399054
-93.8562091503246
-94.2765273311886
-94.64788732394203
-124.39440559440558
-81.41479099678429
-55.531182795699145
-48.80258899676484
-100.64516129032108
-94.9999999999988
-76.24999999999993
-112.93286219081057
-71.89003436426006
-73.06859205776185
-75.01730103806142
-45.92592592592662
-77.95244755244785
7.81954887217956
-53.554817275748086
-88.85813148788841
-90.69597069596982
-97.01149425287231
-91.15384615384517
-67.76119402985123
-103.2214765100655
-81.97718631178661
-113.90243902438804
-103.71335504885784
-91.22302158273307
-95.60975609755978
-113.39933993399123
-109.9328859060381
-85.63573883161469
-68.05194805194914
-104.70948012232245
-83.4551495016611
-108.59315589353423
-86.48044692737284
-70.43731778425673
-82.4999999999995
-101.06060606060458
-104.84848484848312
-79.25925925925735
-91.60883280757
-106.48648648648434
-71.66163141994038
-62.249240121581366
-72.53164556962074
-67.73519163763103
-73.33333333333351
-109.13043478260656
-74.26829268292698
-85.21739130434763
-126.25436241610743
-81.9771863117867
-28.12720848056638
-92.22222222222155
-55.810810810812136
-33.432835820896365
-101.42414860680961
-47.58620689655271
-147.7234042553195
-113.22033898304868
-105.34798534798321
-81.97718631178624
-83.33333333333293
-91.92982456140263
-79.24764890282106
-72.68138801261875
-81.6724738675954
-111.9999999999979
-33.621262458472984
34.882154882154765
-69.66442953020163
-114.04761904761683
-82.406015037594
-82.58503401360501
-99.09407665505012
-95.26501766784341
-99.31034482758403
-45.27540983606506
-178.52631578947341
-46.1744966442963
-102.55813953488213
-58.51132686084245
-83.57615894039584
-141.4210526315792
-70.17793594306116
-78.04195804195805
-88.29971181556061
-99.2387543252581
-54.7826086956533
-48.77492877492983
-107.53894080996709
-49.87804878048837
-77.29537366548047
-60.47619047619105
-105.34798534798374
-98.05642633228706
-3.3333333333339543
-92.56097560975503
-93.5973597359726
-94.45255474452438
-90.19867549668781
-21.898734177214887
-75.27156549520781
-49.71246006389592
-100.32786885245754
-94.27652733118859
-6.666666666666632
-103.60655737704752
-56.241610738255886
-17.526501766784232
-90.90909090908997
-82.45733788395906
-106.39455782312729
-93.38403041825019
-22.280130293160337
-63.060498220641186
-95.9036144578291
-74.22535211267638
-89.96996996996938
-94.54545454545342
-97.12418300653466
-77.57575757575687
-95.86206896551585
-63.775100401607034
-97.77777777777648
-26.71641791044853
-42.81879194630946
-51.81818181818273
-89.58174904942891
-69.1051948051951
-37.80821917808301
-141.75479452054856
-25.8823529411774
-60.39735099337828
-97.56410256410125
-114.1348973607016
-65.05494505494569
-101.36645962732766
-69.57983193277403
-60.000000000000696
-103.38870431893525
-24.255319148937247
-92.7202247191016
-54.30656934306662
-187.64925373134267
-97.49196141478971
-84.75925925925945
12.890365448503683
-12.361111111111889
-97.63578274760253
-98.08219178082058
-86.54275092936611
-67.36842105263226
-109.32384341636796
-98.72340425531776
-69.80694980695006
-108.67924528301694
-98.78787878787766
-74.17789757412386
-95.3521126760542
-73.90070921985847
-110.06622516556098
-114.20289855072242
-97.94117647058688
-43.91304347826188
-78.19935691318359
-177.37255520504715
-34.47368421052739
-99.86577181207909
-62.59818731117608
-50.041152263375544
-35.750915750916064
-87.27272727272661
-36.16766467065902
-99.16666666666531
-98.49462365591263
-97.34627831715108
-73.66795366795404
-99.04191616766272
-40.52980132450412
-97.61449275362324
18.5135135135155
-2.575757575757744
-25.594405594406304
60.076628352489266
-86.72952029520326
-96.92307692307566
-86.03773584905453
-79.04436860068185
-112.72727272727059
-86.9117647058817
-70.35460992907818
-68.33948339483455
-74.8611111111089
-93.88059701492428
-90.14925373134193
-94.07407407407293
-90.90909090908995
-13.29268292682931
-47.79783393501874
-175.27839721254372
-27.473309608541594
-86.77740863787335
-98.94736842105107
-21.960784313725984
-86.99669966996667
-96.5886287625406
-97.56410256410152
-40.86330935251866
-41.05263157894772
-103.27759197324195
-100.58252427184318
-100.51948051947835
-65.76271186440727
-52.4758842443726
-100.95238095237944
-112.75362318840365
-95.77854671280129
-107.71986754966926
-89.87951807228818
-91.631205673758
-53.33333333333441
-85.51724137930827
-60.97222222222311
-84.51612903225774
-66.6666666666661
-102.81786941580613
-64.60641399416978
-109.13043478260681
-165.24680851063889
-87.97153024910968
-48.571428571429244
-73.947368421053
-63.60902255639208
-31.347517730497202
-93.68421052631469
-102.07885304659341
-88.4210526315783
-97.77777777777648
-85.15679442508653
-68.453608247423
-101.59509202453854
-76.79012345679
-102.93515358361616
-111.90283400809507
-73.48837209302393
-180.24111498257798
-118.7060606060607
-12.473118279569466
-71.67286245353198
-26.474820143885847
-84.63022508038571
-55.59322033898393
-75.1724137931034
-103.60655737704757
-103.60655737704768
-65.65217391304438
-57.9084967320271
-100.69498069497922
-103.71335504885775
-93.4219269102979
-111.9999999999979
-92.97297297297085
-104.93975903614275
-109.5104895104876
-141.8436090225567
-51.89964157706201
-112.50936329587802
-80.57347670250682
-120.20000000000037
-52.20338983050924
-92.12543554006903
-44.187725631769354
-48.81355932203247
-94.0222929936306
-109.13043478260674
-90.49180327868764
-82.83783783783754
-26.040268456375742
-98.39506172839369
-56.10223642172554
21.176470588234828
-85.27777777777736
-36.967509025270935
-96.40117994100173
-104.70948012232247
-89.59459459459387
-52.69230769230869
-93.59735973597212
-68.45360824742347
-91.96206896551726
-59.65517241379393
-63.89438943894448
-113.76947040498223
-110.5362776025217
-94.16974169741593
-103.27759197324251
-80.26490066225101
-74.39739413680844
-54.693877551021004
-107.84194528875159
-110.16393442622757
-65.85987261146568
-102.2064056939486
-102.63888888888731
-107.3817034700298
-54.931506849315845
-72.7027027027031
-100.76923076922927
-96.10921501706366
-79.99999999999999
-108.63636363636152
-54.64052287581786
-113.65079365079147
-68.80546075085289
-98.7234042553178
47.33067729083562
-73.84615384615346
-69.08260869565257
-90.33898305084658
-35.309446254072256
-61.55844155844205
-110.35369774919397
-93.59735973597213
-74.98392282958204
-100.69498069497857
-161.68403041825184
3.6749116607770898
-35.58441558441632
-96.2711864406767
-13.992932862191237
-67.36842105263217
-103.66013071895206
-43.636363636365
-92.88135593220238
-114.10029498524852
-99.59183673469245
-26.97674418604774
-98.91566265060102
-104.80243161094003
-68.71794871794808
-10.070921985816828
-147.6219269102997
-102.30088495575
-60.993788819876826
-93.21428571428474
-109.3238434163682
-85.01457725947465
-83.50364963503436
-87.42671009771819
-78.4775086505186
-96.27118644067671
-89.99999999999947
-183.6647058823524
-84.42687747035538
-103.66666666666666
-167.86363636363672
-105.61151079136526
-113.63057324840545
-96.82119205297889
-83.89891696750847
-113.22033898304868
-113.39933993399123
-104.47204968943902
-92.54901960784215
-49.32862190812815
-69.82078853046686
-112.2178988326827
-80.39603960396039
-85.64885496183138
-99.1666666666655
-37.76315789473709
-112.1874999999979
-98.5932721712527
-78.90410958904063
-95.43859649122689
-103.27759197324252
-84.15770609318783
-64.27244582043328
-77.65472312703591
-51.55893536121736
-38.28793774319083
-101.9494584837524
-82.96296296296295
-53.566433566434604
-48.32764505119525
-112.98245614034873
-83.19018404907754
-105.96491228069961
-158.411764705883
-77.05789473684234
-61.17647058823632
-94.16974169741555
-69.80694980695
-50.69306930693121
-101.61764705882199
-109.69072164948263
-83.93442622950752
-105.29411764705708
-63.14381270903142
-49.26045016077268
-26.015037593986214
17.026239067056764
-60.740740740741224
-91.73144876325001
-75.22388059701287
-93.38403041824985
-35.789473684210776
-2.5622775800715663
-60.14084507042382
-111.65791245791284
-88.84735202492168
-80.28880866425962
-15.104895104895204
-43.58803986711055
-150.1411149825788
-92.52500000000015
-69.8207885304666
-126.15964912280724
-59.28571428571494
-143.1473520249228
-50.0911854103355
4.999999999998527
-66.04316546762684
-165.77725752508405
-100.19801980197873
-41.98581560283822
-97.19869706840224
-100.39215686274363
-108.54961832060857
-99.23875432525824
-66.12794612794673
-94.35897435897262
-80.99290780141803
-96.74418604650947
-29.38511326860923
-104.37499999999831
-108.32684824902512
-76.36363636363629
-98.10218978101976
17.25490196078701
-46.06164383561424
-30.543130990416277
-27.59075907590805
-83.89891696750863
-99.23875432525811
-91.42857142857078
-61.605839416059446
-77.05521472392499
-66.15384615384703
-75.69620253164592
-113.24324324324108
-87.39130434782533
-109.54703832752398
-81.97718631178662
-67.15447154471634
-143.69194139194158
-36.37630662020966
-85.51724137931014
-84.41281138789948
-62.12218649517754
-62.028985507247654
-95.23219814241382
-152.70129449838225
-100.13245033112436
-67.9166666666671
-76.36363636363646
-113.24324324324108
-108.18897637795092
-61.379310344828696
-96.58862876254054
-82.61682242990634
-84.39169139465848
-42.077922077922445
-97.52808988763913
-92.7891156462569
-93.68421052631476
-34.63414634146401
-156.69896193771675
-101.78590604026908
-79.99999999999997
-184.50909090909067
-65.57823129251798
-63.262411347518864
-31.042944785276585
-39.50464396284844
-52.83582089552304
-161.3307692307698
-98.02197802197588
-93.33333333333236
-56.10223642172605
-98.3281733746117
-109.20863309352303
-42.5092250922518
-98.05642633228707
-91.73144876324987
-102.5783972125414
-92.86821705426249
-47.39273927392835
-95.68389057750571
-63.037974683545656
-65.52529182879297
-5.906040268456698
-76.01843003412996
-86.32996632996584
-140.43003533568958
-113.56913183279525
-95.35211267605544
-43.69477911646639
-95.26501766784264
-82.40601503759363
-81.13074204946933
-121.79735973597357
-78.46645367412142
-93.24414715718916
-89.07216494845265
-109.65517241379094
-51.372549019608286
-96.66666666666544
-98.72340425531779
-8.88888888888967
-63.52159468438646
-136.637716262976
-57.00787401574914
-28.1632653061231
-112.56505576207965
-2.9787234042555384
-64.61538461538505
-47.53623188405905
-32.50000000000071
-80.8540925266903
-6.287625418060841
-105.13011152416183
-86.91176470588101
-40.863309352518534
-88.64111498257625
-113.22033898304868
-13.536121673004143
-70.81967213114811
-110.4761904761883
-100.70739549839013
-104.84848484848312
-31.94968553459205
-73.90070921985854
-89.73636363636382
-84.16938110749109
-86.24472573839591
-91.06109324758758
-87.42671009771766
-76.98924731182807
-34.59074733096219
-34.556962025316956
-83.88888888888832
-113.4853420195418
-83.89891696750887
-84.7887323943656
-91.32616487455047
-119.44501718213053
-95.52447552447433
-90.47970479704722
-95.26501766784334
-61.93548387096882
-92.41379310344746
-78.59872611464908
-100.70739549839078
-111.20322580645175
-60.350877192982395
-64.00000000000067
-61.97952218429962
-94.07407407407298
-96.74418604651045
-32.72727272727333
-99.16666666666525
-109.8230769230769
-61.86046511627847
-28.745247148289078
-102.03592814371123
-60.199335548174126
-71.21951219512229
-34.96598639455882
-127.24418604651174
-65.20547945205546
-102.63888888888731
-82.58503401360505
-89.28327645051098
-93.68421052631469
-93.06397306397199
-84.15770609318983
-54.21052631579052
-65.45454545454619
-77.36434108527168
-70.38167938931318
-113.22033898304868
-88.7499999999978
-89.59459459459335
-95.43859649122686
-104.84848484848312
-86.96696696696628
-79.18367346938744
-50.40293040293096
-85.25096525096463
-83.33333333333329
-95.83081570996856
-98.87323943661856
-77.89473684210503
-67.73519163762953
-97.18631178707096
-84.15770609318936
-51.74061433447074
-133.75514950166175
-59.929328621909235
-85.51724137930965
-42.53521126760607
-92.80966767371501
53.14487632509309
-80.26490066225135
-96.02739726027279
-30.493827160494675
-97.04918032786757
-107.42138364779694
-87.97153024910995
-109.20863309352303
-56.61971830985981
-20.332225913621453
-65.3125000000009
-60.520446096655256
-25.109489051095895
-83.93442622950676
-159.09603960396146
-88.5314685314679
-84.75232198142439
6.436781609194956
-123.75196850393706
-68.818897637796
-63.33333333333384
-97.63578274760252
-100.70739549839081
-100.54474708171061
-98.64768683273832
-95.60975609755982
-99.53216374268786
-80.85409252669002
-13.333333333333373
-99.09407665505087
-91.73144876325001
-81.90476190476168
-102.81786941580599
-79.25925925925928
-45.925925925927274
-95.6097560975598
-112.75362318840365
-113.15068493150468
-40.000000000000995
-76.04395604395461
-91.11913357400627
-95.07788161993682
-83.26530612244876
-85.38461538461497
-102.6589595375705
-50.55555555555584
-70.46439628482992
-142.138461538462
-55.064935064936165
-64.26229508196806
-33.621262458472096
-113.2659932659911
-86.6666666666645
-59.516129032258725
-159.12631578947472
-19.676375404531232
-80.28880866425988
-98.417266187049
-98.12499999999866
-68.0519480519485
-34.37308868501605
-90.58823529411688
-95.43859649122689
-106.8421052631561
-96.02739726027204
-154.55087108013976
-45.925925925926194
-94.16974169741583
-113.61022364217034
-48.81355932203517
68.40579710145158
-96.35135135134922
-15.270270270271443
-63.74999999999821
-77.37704918032799
-76.6666666666667
-151.4473684210532
-49.66360856269164
-88.25396825396747
-113.00699300699085
-113.15068493150468
-105.01872659175817
-36.66666666666682
-83.9344262295076
-77.36434108527116
-40.127795527157566
-41.641791044776525
-74.22535211267612
-93.68421052631467
-26.752411575562956
-64.02985074626824
-49.13385826771688
-102.26950354609774
-87.64705882352865
-73.73665480427
-88.11594202898404
-62.14306049822095
-85.38461538461448
-65.25547445255548
-114.5589743589743
-95.67073170731713
-70.8196721311478
-61.520467836258696
-141.10588235294173
-94.60317460317349
-91.830985915492
-113.5897435897414
-83.57615894039618
-80.00000000000011
-98.79858657243678
-97.91798107255413
-59.393939393940414
-75.0561797752804
-87.97153024910953
-112.59259259259046
-86.88741721854154
-77.44680851063862
-69.32432432432502
-81.80555555555517
-106.20689655172197
-72.38095238095255
-76.67870036101091
-96.10921501706366
-97.56410256410139
-54.37500000000056
-64.25087108013874
-18.18181818181751
-72.38095238095104
-73.48837209302351
-19.253731343284695
-24.929577464789787
-142.15328467153313
-89.69696969696918
-44.09240924092492
-73.70370370370388
-112.3954372623553
-112.75362318840365
-67.95539033457295
-109.00859106529204
-96.33136094674457
-58.511326860842125
-80.14492753623134
-59.393939393939824
-41.921921921922255
-91.69811320754617
-99.83870967741791
-99.6610169491511
-113.17406143344493
-89.8996655518375
-75.55555555555578
-184.30880503144522
-46.19926199262092
-111.90283400809507
-107.05501618122757
-78.90410958904073
-96.5886287625402
22.33576642335752
-100.06644518272303
-88.64111498257799
-89.38775510203995
-86.66666666666633
-58.65030674846611
-93.4031746031746
-70.81967213114815
-98.59327217125241
-59.87341772151973
-88.50393700787316
-95.35211267605496
-60.789473684211096
-81.80555555555542
-94.07407407407327
-72.20588235294188
-66.99646643109341
-94.99999999999885
-79.9999999999998
-88.25396825396753
-78.90410958904086
-55.69131832797524
-96.97368421052505
-98.05642633228716
-57.931034482759536
-92.4137931034473
-87.2727272727251
-45.00000000000022
-113.31103678929549
-91.19341563785858
-81.40350877192944
-95.60975609755977
-65.61933534743248
-47.631578947369405
-94.91039426523083
-92.54901960784218
-23.57142857142952
-64.64944649446551
-90.6959706959699
-116.19473684210519
-39.580419580420354
-96.27118644067684
-77.44680851063849
-91.63120567375668
-85.94427244582019
-107.22044728434321
-78.62068965517216
-105.66308243727384
17.93103448276088
-53.99339933993506
-89.41896024464677
-47.27272727272822
-113.42105263157677
-87.85714285714248
-101.0126582278466
-89.9248120300735
-95.26501766784341
-92.47706422018143
-95.97597597597473
-89.79865771812003
-80.52631578947339
-113.15068493150468
-112.09486166007694
-101.34328358208822
-137.19220779220825
-124.79363295880219
-82.84829721362075
-88.99224806201485
-108.08717948718012
-42.535211267605895
-182.8986754966882
-77.37704918032703
-38.64406779661074
-97.63578274760253
-82.61682242990537
-86.66666666666637
-109.51048951048755
-77.79220779220773
-99.79797979797836
-21.639344262295356
-80.14492753623183
-108.18897637795087
-71.89003436426138
-99.5221843003399
-102.51748251748094
-83.52583586626034
-96.35135135135015
-95.86206896551506
-100.89171974522147
-79.55882352941123
-94.35897435897326
-113.07958477508436
-109.86486486486271
-42.261484098940976
-89.89966555183862
-98.94736842105048
-99.16666666666525
-109.09090909090695
-110.09900990098792
-42.80701754385999
-68.05194805194859
-112.59259259259046
-86.7774086378731
-91.15384615384508
-155.75714285714383
-114.45925925925914
-52.142857142858254
-82.82527881040706
-81.26760563380253
-100.1324503311246
-49.66360856269194
-69.04458598726161
-70.33112582781519
-101.87311178247514
-106.84210526315613
-33.73801916932991
-77.36434108527148
-102.99319727890995
-106.15916955017134
51.10266159696035
-82.06896551724142
-77.59717314487646
-88.8581314878877
-27.142857142857366
-108.8059701492516
-56.231884057971804
-94.82014388489098
-114.25287356321617
-106.84210526315573
-82.12121212121104
-80.39603960396006
-112.70072992700516
-87.84565916398593
-57.50000000000114
-87.8571428571425
-102.352941176469
-75.78231292516993
-90.58823529411677
-98.87323943661856
-91.54471544715376
-97.34627831715086
-105.45454545454372
-31.111111111111715
-92.2222222222213
-71.29870129870145
-15.30685920577613
-45.92592592592675
-85.75342465753397
-76.98924731182808
-84.78873239436602
-82.96296296296079
-93.03793103448336
-56.802973977696254
-83.76811594202846
-47.335640138409026
-37.80821917808296
-63.46289752650254
-113.86503067484443
-90.58823529411545
-59.92932862190869
-44.81203007518897
-98.87323943661833
-76.9892473118276
-39.29824561403641
-100.70739549839078
-101.24999999999835
-74.86111111111101
-22.343749999999822
-110.22801302931397
-43.61111111111246
-101.36645962732788
-113.31103678929549
-94.54545454545371
-73.02013422818848
-47.6315789473695
-50.769230769231356
-136.6959706959709
-43.954372623575225
-108.97058823529198
-102.45614035087529
