-48.288907928233705
-278.34937200496984
-382.4990467472653
-641.4956676658405
-416.36705302682805
-533.9580472625078
-502.00342050559567
-757.5562334254732
-436.9429453727006
-594.2293925158672
-502.4029658710755
-724.9047627003863
-390.0417404431222
-775.3784818644101
-764.5114729339609
-555.5093664291403
4.621236570506156
-456.0807139812089
-298.7698686395199
-312.54261097982896
-223.87432808108835
-419.8747886345261
-363.80306989906944
-209.83374804682742
-271.4442215587154
-520.3740568840294
-1079.6262104689336
-280.8553638797365
-376.1065477312636
-293.57815787733136
-433.3296194612328
-681.1910817945579
-405.033488942285
-351.59309212496714
-617.4052467025331
-764.0574888828968
-809.7521010380452
-597.8814662915179
-360.4378623491114
-270.630972881111
-317.44670047787923
-302.1939783566458
-317.2027590121786
-369.3215506334398
-243.2906224629546
-399.7358406542033
-111.293106848592
-159.55016733661088
-207.117349309277
-130.65302580213927
-227.5229568859594
-38.25079054543586
-163.9060455602897
-290.60355055069016
-139.53243336201777
-259.06923437397415
-160.0777966044424
-108.23009371436854
-348.3911326873849
-156.59025296466368
-118.93416193830427
-244.06240725914998
-278.32855020366566
-139.47328133227342
-265.09142441744297
-111.72298184000891
-27.625974533141886
-260.66974369184334
-354.0629591549514
-157.88788394721902
-114.89588180843401
-93.42456017094193
-120.90540701253735
-140.00599273742776
-109.88721622844827
-145.83131980893336
-142.13535472039234
-137.99575419317148
-120.77503689102491
-122.25386377081406
-19.73035534529184
-118.85106640818015
-125.20591401934149
-122.48789523222729
-115.4806993242201
-99.64631474175127
-192.49155074577584
-93.28684538461744
-133.85348420044375
-150.73213069293192
-86.70139243964954
-117.45485025813363
-125.62313100980487
-200.24432783605008
-104.52793291048351
-112.00140812618727
-117.18451772273167
-186.0405182826376
-174.15261849799293
-63.57791373219598
-201.32192256822665
-44.24464145464817
-59.80394642536149
-105.03693404844793
-31.05383678991025
-134.4407126554082
-44.297182574909726
-128.50499643036576
-0.012115995387134149
-112.54891183507144
-130.15910778062153
-143.3929362640332
1.782717936286815
-89.6979986206004
-314.03936929007114
-355.1485502855402
-129.51500457399635
-237.32045753435776
-235.55360406970294
-34.47212017634669
-165.19091200166574
-136.80933038423177
-167.37992807705882
-136.90839191451562
-211.98094819183078
-210.01364051247273
-158.89823698805654
-253.381407351769
14.4809155220548
-170.4726854979403
-166.0856061041789
-242.63892583114944
-244.6515521004464
-199.03843208943633
-57.30752806167613
-324.3378134551967
-220.35118178430676
-261.84942104483974
-203.19686467592393
-149.0225820809414
-197.62671669309796
-238.61102029736873
-371.5969801481833
-313.43635505189667
-204.71804036579937
12.851083370857523
-320.3471039494123
-211.35000345895716
-135.84380720857115
-137.2104967143421
-141.77284779206758
-210.79782556029747
-233.61221519889938
-99.26179271257647
-227.1016707149423
-229.79039945959207
-121.29445463213301
-200.9894972563199
-334.2585189229373
-191.01981585383396
-161.7530856110667
-125.38129794094431
-115.03811661479386
-129.92058821834712
-363.2875998649318
-295.63268758658626
-237.71474739155772
-130.47977574544484
-172.75137394565425
-159.86186063907525
-291.07058674085823
-146.09356811226198
-248.1710339770817
-361.9079731386139
-122.0809038292883
-229.73422842035137
-155.42394217609666
-178.45682670647733
-167.64115061116394
-293.87926602408766
-135.62630484658126
-155.8978564178738
-145.78765321240846
-138.86834256403125
-136.1684701801596
48.525450773487876
-285.62491281966436
-122.31033112608876
-118.22528880075846
-121.70759318281256
-200.81043275237658
-144.19038864344208
-252.64619292459622
-289.5474021106913
-236.3134556324386
-142.6690340187107
-242.07578396254138
-155.18710625314782
-190.1291856649142
-195.13043456981563
-100.38641221600275
-5.638198902058107
-131.77714956465877
-273.0796697426912
-155.27403271985696
-157.21447553953396
-139.65350004966461
-130.68650481592655
-3.6966157086312705
-202.76731406632447
-131.06355746362135
-173.09345288195794
-136.43231187507178
-157.80270625343422
-139.54932506975337
-225.92823410563955
-342.6163939194705
-154.6285256963829
-267.48255796533834
26.861283911092016
-156.59687435918002
-150.78091944774502
-167.9767161281763
-216.8858048468802
-258.8054494861092
-127.06504333410288
-211.9421426721314
-148.66526566421305
-243.3976283439386
-137.09868246957387
-215.9828123500206
-198.50312386731457
-228.06358745723773
-131.40359785024089
-137.20478459217145
-208.48231075143468
-150.47001375301994
-66.6627988059467
-117.544776134546
-152.79139242245944
-71.08684632288877
-194.3270778014909
-135.70170043357598
-149.54653703240666
-134.3317206060621
-220.43806209458836
-213.02754188945525
-155.0066819602837
-137.43030800248852
-106.27653572158971
-113.49582361645295
-106.72244837515682
-109.04871298278883
-161.473873577024
-144.64540503587583
-140.0886436826017
-158.54648997346308
-143.9416867251999
-116.88415644550602
-172.1725034450167
-127.88249738288661
-164.16402003280962
-106.61221975169252
-124.61398442739875
-112.2343990724904
-178.45048075157837
-122.67397290009738
-129.34327747105465
-79.06589427013995
-53.729731382965625
-101.42236955706241
-84.08396173467092
-108.00341815375961
-84.62643471706768
-53.37273690621532
-88.1760840943875
-80.86127834088032
-99.69842034337803
-95.44172825346176
-114.02927990641983
-84.1557585833473
-78.91718118187579
-92.28313606701641
-91.27227329026938
-120.325489376596
-75.09723419372631
-108.20386980326221
-184.2146284781349
-97.36270162751882
-126.60441145901176
-111.82501501510882
-127.5294558344325
-107.55865990759351
-130.15221925671807
-99.3353754635172
-94.45277470374393
-12.800763623282364
-110.58467354861216
-126.25241091099957
30.64066904749481
-109.68800072736138
-69.33388589723396
-131.40922169549157
-255.99988958135538
-59.978678402591456
-66.94774855139995
-8.448825841883888
-89.29561607629981
-170.5927266728513
-141.71865730600828
-157.41564436728103
-129.73902470405338
-94.15811120347476
-100.27000661676824
-108.26187718933448
-117.29148877677544
-112.8579691004602
-125.6822778753552
-122.42258720673841
-187.79458428444127
-115.39886726225353
-37.125093372579215
-132.71500800988667
-88.07951328198632
3.0154858605151276
-123.56081351373126
-64.05651397820938
-132.73933220232496
-4.7986009460475145
-98.79409098245497
-32.233841983899964
-2.0357375093753944
-119.45972442741973
-107.50429084435105
-153.85861372254905
-92.64625034824013
-45.06759686593015
-137.05769626840708
2.4084524926952184
-173.8833574960427
-144.2310951680789
207.91341204306286
-55.76086665913157
-186.88757380930855
-138.87503627951708
-110.28875000886929
-144.04499641174004
-76.1868786499404
-249.18660030475823
-145.331615460452
-78.88529480790562
-44.44186034541479
-226.92912313357635
-76.89004084101327
-198.90883216102827
-120.55463675028324
-171.59376026474257
-149.22686534968275
-96.636543747577
-176.5440576761235
-170.0484493139308
-102.38851542376361
-67.20393300356352
42.12500610319259
-192.20731899254986
-107.67590184570086
-20.495040231802932
-221.26800393305683
-160.50698400334784
-157.9178956525584
-166.41836529191602
-224.08590471717827
-206.86654866068696
-198.15803398428883
-157.4164773079665
-57.61313893586066
-116.42997097350764
-156.95824509262997
-126.0326068566971
-25.178228988964918
-116.28752817386363
-144.1819017468063
-271.19895583276497
-226.75389952988385
-275.4632101878106
-205.97238386602362
-49.48154232195414
-217.2943407896076
-177.6584517977072
-94.07772688153155
-164.5916753214823
-176.7571705643009
-197.27698696504348
-206.62831303588317
-184.82960239020713
-286.6172616521661
-299.5240663382574
-203.94915177734686
-193.40744508556855
-6.85951912356802
-157.67512114224127
-261.3351263942717
-187.16122860404914
-194.01994630648667
-185.01649672018604
-143.0165731671454
-177.30235063606366
-102.02475116364144
-224.4607973842891
-259.7316155507302
-22.35275424422136
-207.61008504108065
-160.44033223607767
-268.9985928910909
-247.99191682448827
-170.28121509531482
-193.53843800323386
-3.665718220487321
-279.2720504641669
-202.47201747638246
-49.94949086686421
-104.21468193592162
-40.845935088024405
-289.19418337835043
-120.95707833280878
-75.53470152906637
-268.79163715364484
-77.66732712447666
-65.71438877141404
-152.94498120049474
-242.0680749769683
-267.55067395855923
-141.0679008088982
-241.9688692602006
-236.05335876717157
-244.0785997042003
-334.00893584145274
-242.81453558762448
-279.25932583893683
-292.3068318885132
-242.9926442418966
-216.32267164888526
-286.4791688778462
-151.8228715675774
-251.04850830524907
-277.4126472380659
-154.88311174395426
-77.28383624344929
-153.12747262282926
-222.3065365484086
-247.19651144021185
-163.70951882901244
-109.81009173567298
-121.66744734560945
-247.91720296518955
-258.863324516955
-238.60209320590138
-118.25256868256024
-211.5484941848918
-255.2653273956619
-109.46687155813605
-96.39770206248245
-268.01428902599
-186.95235339343725
-225.88864609078013
-272.04932361733484
-310.7634591989226
-175.1599587795377
-339.3730087979276
-182.8560934490393
-210.5320722421543
-111.7065091819615
-102.82925285625942
-201.2335858734829
-221.48171815918903
-206.8904487456092
-203.53584425076616
-274.45784551316876
-136.02508297201285
-81.87984631737667
-145.45554736879893
-143.8927728864526
-129.23793937056803
-127.63887964313662
-147.55554705680282
-152.8441749223425
-269.9524265492954
-138.2967604193397
-144.01898879568094
-203.68296584989537
-133.61196931102532
-118.62557189066969
-98.62901499102504
-199.4269952339866
-83.78359994117098
-16.089677260395973
-110.9554881327172
-168.81593221083807
-274.0576697911012
-270.52310511326493
162.83061861830095
-165.58330423717982
-102.95416943558804
236.67302994681222
-193.55980373307955
-284.5679759581477
-92.30616960623534
-36.575122191193465
-249.14144213339884
-284.07786181979554
-76.37338472616409
-60.984745790884205
-122.81623956463135
-169.5881981787174
-221.7471382828177
-165.10760624667597
-120.79355964103718
-240.52568046907362
-151.18555272993038
-195.3681251659408
-94.30529182854994
-225.7781954912828
-137.82560026997038
-246.51522563242256
-49.876444315049255
-198.41096879490254
-214.55164391135804
-252.40146310665514
-253.85591544887936
-54.03463626107743
-74.04457071312461
-161.72682866195484
-242.7148476058127
-284.4076514966427
-172.714163201148
-229.4557945992276
-106.84429098434762
-305.1787606173531
-16.83457722344042
-150.94760435737084
-271.38181405480583
-278.37764054481374
-280.2655832317694
-156.98932681432416
-81.20939130872841
-213.22165863242947
-163.7293843409841
-152.0317861952627
-198.65672686461295
-174.75925775321585
-43.2765542401902
-48.045579957967306
-35.870045176792374
-209.37570934140172
-75.80996844234463
-114.21031789732393
-241.66108643435965
-371.14591405533264
-132.26407697597267
-262.07219101210933
-211.74556018984225
-273.9014967200633
-190.2998543693622
-142.58057947117408
-118.09678977233683
-242.91078138463917
-248.18429792506245
-250.29290028914315
-191.2925603422782
-202.9952937611573
-243.6378229406314
-282.2075866830985
-315.01311765666514
-186.6811122652615
-257.98631877427727
-260.45542374352436
-193.00281921063856
-268.05092312934016
-200.42542840932373
-262.5594212154676
-230.18312112568893
-246.58695057118604
-268.184637783783
-273.98660928911397
-247.8440675525766
-218.32960539839365
-189.2335660708041
-250.94874573838712
-173.3101617625465
-113.9683467672625
-212.55066833350662
-127.92625057063083
-309.8250469722577
-348.212408250294
-273.37352127639923
-501.8458812422593
-179.583772663917
-184.88876494791407
-178.40899163728363
-345.6260964319797
-229.1520640716462
-136.58943020416893
-202.9232464324698
-163.96716696993764
-246.99588796044
-252.280674499082
-260.0356333355252
-195.16336078299068
-303.10983278847004
-235.74616269890527
-285.71598540626894
-268.9379138172866
-185.30579836167334
-285.4716558141481
-241.17895446648103
-326.2927829085394
-157.76885250965742
-176.1723360652088
-318.6299917675361
-346.5006722575332
-251.13203836620266
-258.4219737941874
-269.7188876177529
-316.17631751396266
-151.57320295027102
-152.9639359471328
-249.5871898990946
-348.9292942130446
-218.78241215239723
-133.3331272841843
-128.09080171355703
-165.14115404429037
-245.43177851111682
-166.22865509496995
-143.92293188477376
-435.75476412849554
-129.28030881921075
-263.73157334945705
-294.53602755881815
-160.71392373442555
-265.2818002355039
-326.85300907551766
-175.83213381610386
-214.61292517507374
-134.71658941046712
-172.93441188605382
-263.99768085518264
-342.23254608811857
-189.26463933057977
-444.88336386120613
-195.43250706625696
-187.1618681229682
-251.46298220512438
-357.5330184494328
-205.0796290726342
-244.1083928867829
-200.4521949497162
-122.02948386119098
-168.0262348664518
-205.26080979601912
-147.02323719047132
-114.98889216567684
-229.1774458891885
-233.99590783213677
-276.2456640843102
-254.52254302786147
-151.98274814073912
-160.53422728999425
-206.96146959167334
-203.65380107312933
16.91916187984333
-200.36749644311402
-156.44525550349348
-260.6285532381446
-105.09389082384948
-366.8288493187914
-234.18418330039069
-142.08392911648332
-254.30052817680283
-78.22500168157879
-308.10982866790226
-165.68564221704796
-158.26316917829524
-477.0410350148175
-149.3031397243315
-199.4995308382862
-117.61474293147307
-112.69194195605866
-143.95514050001702
-154.2643193039716
-338.4689776810687
-164.63228970222735
-212.99100081619184
-160.82384787562643
-347.65951978911573
-106.38491814942623
-174.85380365632022
-39.829915647952355
-158.2194947636269
-244.4934350416805
-379.8559800111844
-527.5718445354929
-148.64482469276462
-348.28930891519894
-36.275342591541545
-189.45529359987157
-159.0478931743919
-98.9913216947745
-173.05113033525174
-187.2643069747965
-185.34435489731823
-154.80997241438152
-365.7229579652448
-271.4932149185597
-230.36285846654712
-63.756432094718406
-250.47225394067254
-106.22495228427893
-299.77128801099605
-197.97742325024382
-236.84218673692746
-178.16967346823043
-252.51605331962747
-336.6961310757338
-164.54752762701486
-95.840224171643
-404.06025328626436
-327.03549316143113
-127.04653740643619
-232.18695610133005
-201.26213286744687
-186.94540957967257
-165.72444101208495
-255.74020138156726
-172.96557813700997
-227.9726713443228
-137.76446713607044
-326.13459668484995
-253.59525352409912
-228.85026174705388
-139.67943859371934
-169.25040603129685
-269.804240365864
-300.1210770092813
157.49431438819965
-213.84098644439268
-182.67811854850572
-303.6799605202451
-173.94269063205874
-212.40863925277785
-120.15812093350962
-199.566751148379
-115.36261407642009
-155.072001885615
-140.0298699327756
-182.4714277274078
-142.33396269979255
-29.460198371116334
-121.66413260932622
-288.31497082278554
-234.94790019459447
-81.84617476097061
-324.99988929893766
-42.787293923359876
-391.5018513428455
-334.153179560663
-301.59512909693
-65.57472090095956
-98.98848993438017
-119.65319190457176
-202.60284677377945
-227.38992964917833
-192.94944783595793
-186.16527373861294
-204.66259487469807
-184.99360720447154
-166.54028502979568
-161.4903224363285
-286.4756719172624
-200.7655415641589
-178.3446745830617
-107.74267961309059
-157.95800163772364
-115.09926908790754
-386.9241729882167
-164.41127659589318
-163.24263592537147
11.79539666709239
-126.01778967605041
-187.238325066211
-133.77686382434726
-226.17471730022535
-99.98280754976982
-187.01444169521113
-214.87761163556496
-346.92267943741973
-144.16292875882317
-196.60930329136232
-201.90233645883353
-185.22724644049322
-173.64652950608317
-209.32483104327724
-143.48906538161782
-193.87196574554008
-346.19893022297697
-212.67375786225347
-153.86002199277164
-156.5875191750984
-111.93888154208558
-339.5703049849652
-287.75029641299557
-132.41688634512613
-109.48534849664964
-283.53842682889
-87.41810968008025
-268.4379760693754
-142.561097273955
-290.82019067397755
-116.80899800712382
-165.00076379029193
-176.60033618866152
-162.24074401424903
-153.14352028140894
-151.15223667101816
-140.16752758022375
-112.58542776340232
-124.71067373342314
-141.78952574353997
-174.4345693040192
-133.4640727070386
-149.4023729764832
-155.73076874719231
-142.0912892053241
-113.1888687083344
-71.7430773433072
-262.45715260820225
-81.70695990271317
-147.170322085335
-118.93530558480857
-78.15679819905222
-131.79422650933049
-153.85439783575342
-224.32130116827497
-104.59953383457395
-141.0562486734748
-135.1276189019155
-247.79362147648317
-101.00960311953564
-160.62937215410489
-94.57528905732039
-146.06455970207818
-93.2126974227274
-143.44390179812393
-207.30684868211318
-107.31391895595041
-102.51224636087143
-122.48215842095958
-133.403004585936
-125.24691162535404
-143.01057523176857
-97.52253949297557
-3.7583205056523354
-115.62616758895076
-126.5248836402927
-125.44207768538254
-103.37405657429275
-135.32299563440802
-219.1137097332987
-187.32756552136422
-227.7374461087766
-147.62124245501346
-189.41417443558433
-103.6200523821635
-142.94472110498504
-125.63959474337074
-134.68378157042181
-137.5062435098378
-81.38693831252353
-133.7966164057744
-109.67784815033224
-117.06273812183406
-195.15915532148915
-99.82160045659023
-145.84197073987372
-71.09558942620112
-103.13799044440145
-187.16362639717346
-97.23236153476405
-145.9743237004804
-141.72276402059597
-106.81841025970218
-86.84133943122703
-123.33071362115348
-135.59178989009345
-152.456358738534
-85.15732721301747
-216.30599782730934
-153.35034664910967
-106.89578480917851
-110.49777368247598
-95.34185064467866
-122.25625134141501
-199.24387021914583
-94.05233673106223
-172.5819219952732
-124.33790851305649
-15.404776127893157
-72.66720907161235
-123.38306100354689
-110.1607207991463
-190.8776021269855
-148.1029962521484
-128.96245289361724
-120.24145909756166
-132.01259086601823
-108.32367853385868
-129.30483936715223
-105.55730889021473
-166.46205773172932
-130.07919185764396
-128.02245555010902
2.7641242954389043
-142.8803575559478
-102.52661030908251
-162.161686422988
-147.2306866770657
-134.4809873788603
-153.74352697959742
-109.4588397966295
-112.19092144544472
-141.80907592633855
-152.85400580924914
-160.3433497857219
-131.0564274420667
-99.38639509999658
-139.38978769760422
-116.34452464031635
-95.80174474519934
-141.60278291145505
-319.7921161413478
-111.3205979379351
-69.91797459601767
-191.51633695890519
-257.31902328636784
-120.97290025809382
-102.83530573099925
-133.59284387288193
-177.08048361339604
-143.49613390710698
-187.52704495541747
-127.18371281456318
-143.75046539189225
-90.52106289405013
-164.52264994092002
-111.36331834559027
-125.26334324793982
-134.0790173274392
-126.6447637978584
-65.0472160446303
-130.867335888858
-150.68273699162611
-93.45456163109445
-85.46533972535933
-105.7205266702849
-85.69625695569131
-167.0877864722056
-83.01849892088796
-96.64883827469004
-81.78517269342605
-163.40454283729133
-47.9116804112039
-89.39425352856094
-90.29783029174824
-119.79127612565873
-218.92644841788885
30.786718998551578
-122.85257043330104
-80.81434672780468
-97.18564911008977
-80.66742145674684
-109.21166270526413
-187.64362500942167
-92.36965737895716
-290.14255115900596
-118.14086812427429
-122.99953560095275
-110.79956600227356
-83.45745696927585
-101.10750066766592
-263.75114170686925
-124.86200147676928
-111.60670115739401
-216.26234219273115
-133.32163020429056
-82.2208188637666
-244.20019343359078
-22.191844565801247
-123.18646429797009
-99.57224142925783
-124.7827799277218
-233.69976848941164
-92.89830714617331
-89.01733097434969
-90.55169537113885
-134.36607647115397
-249.62638690183883
-111.89994375320194
-256.8793555991539
-71.06077196595821
-203.78793871458714
-38.69909305355945
-130.6003629616608
-76.69039877564208
-47.595226919412994
-92.11778225719385
-43.28044143430127
-169.13512699345983
-190.55420470178308
-141.7062320298818
-90.73096046292545
-146.80357221604478
-155.10828118493455
-97.02041412638924
-120.38610481221056
-103.6206610048452
-126.33421925756116
-118.06578331638973
-88.44322026007066
-137.02663637358134
-111.21030436938403
-65.22004272309226
-96.91612300592224
-103.44254651982958
-93.14010055640003
-79.1596115761385
-127.2695697201203
-124.60138581652942
-107.89768057328156
-147.68143699397632
-120.98918045878628
-127.51697316683402
-84.0562475143638
-213.6102881940322
-272.8296896112421
-139.77840681644858
-86.77518210170419
-93.4269845036702
-71.22892926266564
-119.26036829108234
-117.94024299785332
-109.8318109468853
-136.68740725397504
-255.07517673721964
-93.66348656730119
-13.822819476056852
-51.011897948070256
-60.44058076830788
-51.889270850672844
-30.12466414926132
-266.0386672809283
-257.130945002672
-176.50015666287524
-148.15180607047978
-118.30546513967252
-99.81767984524325
-15.697313372270855
-188.1325964469454
-120.97190497453292
-92.75475560155836
-126.5222352049943
-101.96351114636944
-207.5775459035081
-38.18288986426694
-162.96067023784713
-222.58137074918977
-75.08783337350528
-179.86731441556367
-94.2601829452283
-135.86733330526215
-246.72339992236883
-227.23462225495254
-79.45828538805037
-118.39116217506412
-134.3584079297449
-147.38353571469338
-68.82415550422684
-77.2027579643349
-71.84708082442302
-23.314779135214522
-108.31683499641615
-84.51004816413601
-65.11069350558614
-278.9692545703525
-59.56603506338757
-156.68521179760697
-85.32198146161426
-160.60083885986222
-110.43657759694183
-92.10997772665382
-130.9964705668465
-56.1377595753558
-45.52516422424684
-109.34567665403078
-59.55034959058573
-110.2674312141878
205.10364598880125
-128.58950859143368
-71.74667015595347
-66.01304190639769
-5.853189933494093
-45.38271402506334
-92.71058782848819
-101.88427345843344
-35.65426923065414
-140.98155015226118
-101.54566058873037
-90.2703953207162
-101.16397062422229
-135.47173504221243
-186.0203909547041
-57.6612825885542
-89.4055628620998
-49.426837228370374
-118.98049277263488
-225.21875014142523
-116.91102896762106
-34.44747995333795
-36.88515191944448
-230.12095528127398
-421.2413974617949
185.7493745029959
22.576075942109085
-81.38848066837441
-199.61557489007686
-54.54623962077965
-217.95906306185637
-102.11434869099037
-23.330349854016845
-533.9377951540275
-275.9359209353379
-358.1449951550893
-173.05961446129157
-73.4126466004463
-528.2970876560587
-211.710164427702
-175.27431135306477
-200.29362208918405
-427.8317587806581
-301.72249174193405
-511.1371128024921
-188.51749021887713
-462.9787252257536
-1.2336448951041064
-128.8921208244979
43.72848741777341
-432.4155155891452
-198.2545538131294
-265.16768984889404
-28.391324335113225
-436.1891855610211
-419.5423496368806
-219.4039871827155
-193.6623957364335
-183.5766280695591
-457.07360166014416
-113.06283440773186
-503.18625682847977
-165.61469547245383
-240.39388264762889
-476.38279507649315
-548.5764017479308
-475.2060113004882
-356.322843241292
-211.34512547393123
-404.9280841480819
-186.26848619622552
-226.5898064655073
-152.73665507102572
-224.6071662992883
-404.0917222473858
-462.62754270515705
-491.2696803265274
3.700090887476966
-536.9402669424812
-492.0993846325083
-374.5398339395707
-81.58551339148056
-171.69219625078568
218.75867104641
-151.2897539646298
-262.5695345003081
-198.71876949084182
-4.0674021986560405
210.51673824371474
-130.34499190156728
-577.1961055813626
-503.1079242527063
-67.41209603475107
-22.912206058694267
-57.40579024137097
-207.25079590404295
-51.054215880650325
-318.8541481866908
-409.69545662819843
-48.78167705636084
-214.35015143937378
-521.0810833032922
-165.1248736021929
-188.54271182632397
-526.9116293934126
-259.0113942323128
-112.36499312433791
-230.11929691727693
-68.35682546029557
-199.0750290767747
-119.3581966197319
-30.799479955967882
-516.6753878179732
-480.6243010729765
-267.2862238038941
-108.61905724332954
-481.3899612691388
-499.47668837456735
-219.99975115263527
-230.8927158449668
-184.78873317667936
-41.57310789039476
-34.1551369732361
-48.155434460636904
-339.6470469076421
-435.2885549978921
-28.05929069316889
-70.74774863939255
-197.59518772105065
-176.22280085920224
-492.1035977101366
-133.7175487186245
-218.68726300947088
-352.0316690509115
-573.4594338771026
-108.75409875550172
-494.77822912781835
-558.1632770694049
-481.4134515530321
-68.64508841595162
-53.069077239215375
-299.2885491298523
-405.4777234693671
-81.91567536236778
-130.16404572071377
-27.473915925508052
-41.44841890890496
-97.6859910441196
-265.19767442981333
-200.266824480797
-76.2604952563409
-92.35223579189754
-181.26436034128974
-32.93943258210001
-24.714172746262307
-359.0302039931697
-85.95250789141838
-74.89116140774739
-182.21940846016736
-105.83757060365063
-98.45566417043317
-81.98080516660136
-86.33517743789281
-121.28790471446666
-99.10440288499734
-46.312601306942504
-312.1307871183117
-71.30484855748162
-382.05047773807917
-73.18467019863655
-43.830607662296934
-87.19023020789699
-214.07655500350052
-62.37949583897685
-96.23089116893702
-78.2514230694861
-70.88761140577785
-75.29058480676176
-586.8355678728583
-56.45722889393228
-260.63611202367576
-100.64018607957506
-288.144752321446
-160.90471103785544
-67.31218414694783
-265.7597464121403
-71.7280400389515
-128.0006208707135
-73.77968385083278
-105.7116287191091
-279.23218435540537
-55.00303213231296
-11.29490958611214
-490.66939580686363
-99.90134087483354
-78.90332058946805
218.2745537113353
-67.71714345454689
-306.59754300793895
-376.6447932272605
-18.157869570851275
-243.91924538997347
-44.4796421033698
-209.01226372445234
-177.10913276403443
-180.92163547245937
-226.15211439974718
-189.75200128768216
-253.38704645227193
-265.8064667470934
-73.92144354432325
-355.58841422007583
-298.64913823370955
-87.31858901480268
-226.95153341771874
-120.01752999441494
-171.45635398916465
-280.0072413544692
-87.59440270042741
-230.61679022711667
-122.71851250878187
-39.11210650716538
-204.54463267778675
-426.73973647833077
-92.23620208946468
-226.05084102930203
-88.41891628781828
-89.68089746418752
-228.97385369190002
-155.9826547821796
-124.28114898925224
-272.4973096558592
-317.6414204129044
-243.35963518731594
218.35749191009376
-291.10034424071193
-242.9354725762174
-257.79188266288895
-32.07055680449939
-249.27932796203248
-136.50361757265193
-128.0022321314401
-95.66280830890264
-84.64527498100588
9.20023742396863
-90.40566599857962
-220.94903348317007
-21.610148962500574
-290.8674514820867
-38.86351579470298
-94.73075580812854
-62.41654492568524
-178.17810543125907
206.0224124791157
-287.37632182046104
-295.9604015632592
-101.40470935599967
-79.11028187177027
-169.1815824948158
-266.32716844113247
-28.105688082932232
-93.04550109897895
192.83852823677162
-247.33697580277416
-100.50724830662321
-128.8195100968206
-253.12988495564787
-107.97966473642335
-183.03176784129369
-89.36947605552135
-3.6578416709329815
-135.8107500282792
-29.12582607001879
-20.853602935821584
-98.17250827780317
-201.49903757347477
218.57325947133484
-160.6117937721002
-194.637375509893
178.38514196655228
-113.64384867738235
-68.92319189557992
177.9866586741989
225.24399468691675
-182.13894066185105
-201.8571119533318
-143.52902930410204
-138.3393686555838
-263.1287436515423
-101.22397247796899
-114.53771136377247
-70.7017400437025
-121.8636570078881
-17.59183609777459
-18.963223582901847
-104.53089017285153
-263.4838850402939
-38.15918724970996
-75.42558310655637
-230.32817061063867
-280.1316260336594
-181.06023989963342
-287.93374748264955
208.75080777962222
-167.0373501173446
-66.78934677005708
-64.69006923943058
-168.73376573240478
-75.98447526055284
-81.45446507700292
-158.74463793876805
227.06018657212903
-83.7354229074297
-20.126148988576034
-68.01672754839129
-110.83787323150872
-221.92433484615103
159.9585876786074
-60.5276263347594
-139.43947836205464
-223.90181031509726
-143.82043268526863
-99.259245056952
-110.56172689366426
-139.08803682747026
-13.148682799504584
184.22246619714443
110.28349757405665
-10.822627767238075
-9.508005457635605
-73.53663119336517
203.2676930006383
-103.79241854745004
-4.662097311438686
-19.127902358280792
241.7019108623371
-105.9009196255135
184.24331655167578
-51.19669760597179
-73.98618589298482
-3.6378852978179452
-101.9510077824365
-122.73389881406845
217.55367522679754
171.25791748869946
-69.31694484405716
-31.179876366336686
-73.05686494507354
-23.82875235950287
-129.085841666225
155.33835118558952
-58.52040383974738
-71.89455106611759
-58.03232883060845
-107.59649678188521
-28.423784441918798
-29.239989591920818
-86.36887923283969
-77.13520340893072
-181.96936048075793
-129.75674271114582
-113.91675427784303
-144.1123945131603
-76.95046908545673
-37.26687646336394
-193.0904015231404
207.8204427906815
-95.8473051278335
170.48845333610814
6.769145596519181
-95.20297176064447
-179.85243811323983
-96.94176705664265
-167.26828785445286
73.96659684628425
-17.147274491399557
31.584718366107097
-71.22504916262595
191.98258561920164
-46.40224785399653
-191.9651147140768
208.55265286585694
193.57371732531112
-244.6177827330926
-164.55058783411855
-90.34556061250144
245.01498227664493
-89.10260538762152
-14.670853908850802
-178.85970918106636
-158.83857872262027
-78.21344280105905
-285.0180991584203
166.74156018096522
252.8812537103651
